<pars>

<uncorrelated>

<!-- Diff. Data - MC Inelastic Cross section in Al.--> 
    <inel_piAl_xsec>
      <cv> 0.0 </cv>
      <err> 23.8 </err> <!-- mb -->
    </inel_piAl_xsec>
    <inel_kapAl_xsec_lowP>
      <cv> 0.0 </cv>
      <err> 83.0 </err> <!-- mb-->
    </inel_kapAl_xsec_lowP>
    <inel_kamAl_xsec_lowP>
      <cv> 0.0 </cv>
      <err> 49.0 </err> <!-- mb-->
    </inel_kamAl_xsec_lowP>
    <inel_kapAl_xsec_highP>
      <cv> 0.0 </cv>
      <err> 30.5 </err> <!-- mb-->
    </inel_kapAl_xsec_highP>
    <inel_kamAl_xsec_highP>
      <cv> 0.0 </cv>
      <err> 30.5 </err> <!-- mb-->
    </inel_kamAl_xsec_highP>

<!-- Data cross section in C.--> 
  <prod_prtC_xsec>
    <cv> 226.5 </cv>
    <err> 5.6575 </err> <!-- mb -->
  </prod_prtC_xsec>
  <qe_prtC_xsec>
    <cv> 28.9 </cv>
    <err> 4.2 </err> <!-- mb -->
  </qe_prtC_xsec>
  <inel_piC_xsec>
    <cv> 1.0 </cv>
    <err> 0.0352089 </err> <!-- fractional error -->
  </inel_piC_xsec>

    <inel_pC_xsec_scale>
      <cv> 0.95 </cv>
      <err> 0.04 </err> <!-- a 4% error -->
    </inel_pC_xsec_scale>
    <inel_piC_xsec_scale>
      <cv> 1.4 </cv>
      <err> 0.20 </err> <!-- a 20% error -->
    </inel_piC_xsec_scale>
    <inel_A_scaling>
      <cv> 1.0 </cv>
      <err> 0.2 </err>
    </inel_A_scaling>
    <prt_no_interacting>
      <cv> 0.135 </cv>
      <err> 0.00405 </err>
    </prt_no_interacting>
    <!-- etc. These don't all have to be scale factors. Parameters with units are OK. Downstream code will interpret the meaning of each parameter. --> 
  </uncorrelated>

<uncorrelated_list>

<MIPP_NuMI_pip_stats>
<cvs>0.332 0.325 0.193 0.106 0.092 0.137 0.0903 0.0492 0.0142 0.0602 0.111 0.0826 0.0432 0.0219 0.0427 0.0919 0.0746 0.0421 0.0216 0.0342 0.075 0.0668 0.0382 0.0199 0.0391 0.0998 0.0927 0.052 0.0285 0.0423 0.0912 0.101 0.0765 0.0476 0.0401 0.088 0.126 0.0994 0.0699 0.0154 0.0512 0.0647 0.0679 0.00794 0.0269 0.0393 0.0401 0.0311 0.00399 0.0139 0.0232 0.0246 0.0214 0.058 0.00235 0.00825 0.015 0.0166 0.0145 0.0378 0.00162 0.00584 0.0101 0.0112 0.0101 0.0279 0.00178 0.00551 0.00961 0.0119 0.0108 0.0302 0.00101 0.00339 0.00573 0.00756 0.00707 0.022 0.000977 0.00284 0.00482 0.00628 0.00653 0.0201 0.000689 0.0017 0.00275 0.00357 0.00396 0.0145 0.000565 0.00181 0.0025 0.00324 0.00336 0.0134 0.000464 0.00118 0.00162 0.00183 0.00205 0.00881 0.000398 0.000799 0.00115 0.00133 0.00154 0.00702 0.000187 0.000448 0.000706 0.000771 0.000746 0.00388 0.00019 0.000424 0.00058 0.000627 0.000484 0.00281 0.000236 0.000188 0.000188 0.000929</cvs>
<errs>0.0032204 0.0034125 0.0028178 0.0020882 0.0011224 0.0016166 0.00141771 0.00104304 0.00076538 0.00084882 0.0014763 0.00131334 0.00090288 0.00068328 0.00074298 0.00136012 0.00124582 0.00092199 0.00061344 0.00063954 0.0012675 0.0012358 0.00109634 0.0005771 0.00079764 0.00182634 0.00190962 0.0012792 0.0011913 0.00099405 0.00188784 0.002222 0.00192015 0.00148036 0.0011629 0.0021472 0.0030366 0.0026838 0.00219486 0.00172326 0.00390656 0.00564184 0.00632149 0.000379532 0.00095495 0.00150126 0.00155588 0.00245379 0.000141645 0.00087292 0.0003944 0.00045756 0.00056496 0.0034046 9.4235e-05 0.000160875 0.000258 0.0003486 0.00040455 0.00158004 8.0676e-05 0.000141912 0.000202 0.00023968 0.0002424 0.00082584 8.2236e-05 0.00013775 0.000180668 0.00022253 0.00022896 0.0006493 5.8378e-05 0.000101361 0.000124341 0.00018522 0.000180285 0.0004136 5.65683e-05 9.1448e-05 0.000143636 0.000158256 0.000177616 0.00040602 4.58185e-05 9.758e-05 0.0001078 0.000124593 0.00013266 0.00029725 6.43535e-05 9.2672e-05 0.0001015 0.00011178 0.000112896 0.00028542 3.97184e-05 6.3484e-05 6.804e-05 6.4233e-05 7.052e-05 0.000165628 3.90836e-05 5.04968e-05 5.3245e-05 5.4663e-05 5.8982e-05 0.000141102 2.22717e-05 4.62784e-05 4.14422e-05 4.09401e-05 3.88666e-05 9.5448e-05 2.2534e-05 3.89656e-05 3.6424e-05 3.53628e-05 3.01048e-05 7.7837e-05 2.43552e-05 1.95332e-05 1.9082e-05 4.35701e-05</errs>
</MIPP_NuMI_pip_stats>

<MIPP_NuMI_pim_stats>
<cvs>0.276 0.356 0.191 0.0949 0.0754 0.144 0.0924 0.0463 0.0223 0.0514 0.113 0.0814 0.0433 0.0222 0.039 0.0904 0.0711 0.0403 0.0209 0.0323 0.0725 0.0619 0.0361 0.0193 0.0365 0.0909 0.0822 0.0525 0.0301 0.0372 0.0883 0.0932 0.0658 0.0387 0.032 0.082 0.108 0.083 0.0561 0.0174 0.0482 0.0564 0.0579 0.00864 0.026 0.0347 0.0326 0.0253 0.00446 0.012 0.019 0.0209 0.0172 0.0486 0.00263 0.00844 0.0127 0.014 0.0121 0.031 0.00168 0.0051 0.00765 0.00951 0.00874 0.0221 0.00161 0.00473 0.00706 0.00899 0.0082 0.0254 0.000919 0.00261 0.00398 0.00511 0.00559 0.0168 0.00064 0.00204 0.00291 0.00404 0.00418 0.0151 0.000461 0.00114 0.00148 0.00217 0.0025 0.0104 0.000388 0.000867 0.0012 0.00162 0.00211 0.00883 0.000263 0.000555 0.000723 0.000838 0.00109 0.00525 0.000138 0.000292 0.000477 0.000504 0.000655 0.00358 0.000155 0.000215 0.000219 0.000305 0.0018 8.79e-05 0.000171 0.000152 0.000157 0.00103 0.000333</cvs>
<errs>0.0023736 0.00267 0.0020819 0.00159432 0.00087464 0.001224 0.00105336 0.00081488 0.00062663 0.00067334 0.0010622 0.00091168 0.00065816 0.00054834 0.0006045 0.0009492 0.00083898 0.00062062 0.00047234 0.00052326 0.0008845 0.00082327 0.00057038 0.00041495 0.00062415 0.00119079 0.00115902 0.00087675 0.00061705 0.00071052 0.0013245 0.0014912 0.0011844 0.00084753 0.0008256 0.0014678 0.0018684 0.0016185 0.00129591 0.00138156 0.00203886 0.00252672 0.00326556 0.000298944 0.0006682 0.00086403 0.00102364 0.00154583 0.000143612 0.0010164 0.000304 0.00039919 0.00049364 0.00307638 0.000108356 0.000169644 0.00022606 0.0002674 0.00031702 0.0013206 8.568e-05 0.00013311 0.000161415 0.000201612 0.000208012 0.00065416 8.1305e-05 0.000126764 0.000147554 0.000180699 0.00018614 0.00051054 6.29515e-05 9.5526e-05 0.000106664 0.000139503 0.000150371 0.00033768 4.9536e-05 8.4048e-05 0.000112617 0.00012524 0.00012331 0.00028539 4.19049e-05 8.265e-05 9.5756e-05 8.5064e-05 8.725e-05 0.00020904 5.31172e-05 7.68162e-05 6.768e-05 8.1324e-05 8.0391e-05 0.0001766 2.95349e-05 4.06815e-05 4.43922e-05 4.71794e-05 5.4282e-05 0.0001239 2.22318e-05 2.9492e-05 3.57273e-05 3.5784e-05 4.06755e-05 9.8808e-05 2.12195e-05 2.3263e-05 2.26884e-05 2.684e-05 6.516e-05 1.46529e-05 1.98189e-05 1.8012e-05 1.75055e-05 4.6453e-05 2.44422e-05</errs>
</MIPP_NuMI_pim_stats>

<MIPP_NuMI_kap_pip_stats>
<cvs>0.136 0.104 0.161 0.213 0.094 0.14 0.171 0.221 0.472 0.087 0.156 0.163 0.202 0.259 0.327 0.214 0.206 0.195 0.232 0.328 0.308 0.305 0.209 0.213</cvs> 
<errs>0.00982192 0.00512304 0.00679742 0.00927615 0.0069842 0.0058324 0.00634068 0.00794937 0.0445049 0.00721839 0.00725556 0.00712473 0.00772852 0.0208184 0.0202773 0.010364 0.0102135 0.00858585 0.0172306 0.0358406 0.0248279 0.0268369 0.0177148 0.0298115</errs>
</MIPP_NuMI_kap_pip_stats>

<MIPP_NuMI_kap_pip_sys>
<cvs>0.136 0.104 0.161 0.213 0.094 0.14 0.171 0.221 0.472 0.087 0.156 0.163 0.202 0.259 0.327 0.214 0.206 0.195 0.232 0.328 0.308 0.305 0.209 0.213</cvs>
<errs>0.00477893 0.00796997 0.0126834 0.0208652 0.00397014 0.00400014 0.00422248 0.00767516 0.0419582 0.00972619 0.010727 0.00511752 0.00729163 0.009341 0.0233581 0.00779336 0.00724348 0.00675933 0.0107465 0.125469 0.0401426 0.0229935 0.0605364 0.0177777</errs>
</MIPP_NuMI_kap_pip_sys>

<MIPP_NuMI_kam_pim_stats>
<cvs>0.069 0.077 0.084 0.126 0.064 0.087 0.074 0.115 0.169 0.1 0.066 0.079 0.087 0.078 0.097 0.055 0.034 0.058 0.031 0.068 0.094 0.042 0.03 0</cvs>
<errs>0.00893826 0.00569646 0.00563388 0.00775656 0.00843072 0.00633621 0.00511932 0.006325 0.0242667 0.013127 0.00681252 0.0066202 0.00603432 0.011122 0.0186211 0.0086427 0.00555084 0.00591368 0.00580289 0.0276107 0.0224951 0.0118301 0.0074142 0</errs>
</MIPP_NuMI_kam_pim_stats>

<MIPP_NuMI_kam_pim_sys>
<cvs>0.069 0.077 0.084 0.126 0.064 0.087 0.074 0.115 0.169 0.1 0.066 0.079 0.087 0.078 0.097 0.055 0.034 0.058 0.031 0.068 0.094 0.042 0.03 0</cvs>
<errs>0.00194098 0.00158849 0.00265006 0.0065354 0.00166075 0.00134716 0.00162895 0.00444239 0.0168849 0.00400608 0.00210408 0.00198487 0.00185832 0.00499275 0.00597331 0.00163114 0.00131777 0.00360229 0.00543783 0.0100919 0.0072341 0.00409184 0.00655074 0</errs>
</MIPP_NuMI_kam_pim_sys>

</uncorrelated_list>

<correlated>

<MIPP_NuMI_pip_sys>
<cvs>0.332 0.325 0.193 0.106 0.092 0.137 0.0903 0.0492 0.0142 0.0602 0.111 0.0826 0.0432 0.0219 0.0427 0.0919 0.0746 0.0421 0.0216 0.0342 0.075 0.0668 0.0382 0.0199 0.0391 0.0998 0.0927 0.052 0.0285 0.0423 0.0912 0.101 0.0765 0.0476 0.0401 0.088 0.126 0.0994 0.0699 0.0154 0.0512 0.0647 0.0679 0.00794 0.0269 0.0393 0.0401 0.0311 0.00399 0.0139 0.0232 0.0246 0.0214 0.058 0.00235 0.00825 0.015 0.0166 0.0145 0.0378 0.00162 0.00584 0.0101 0.0112 0.0101 0.0279 0.00178 0.00551 0.00961 0.0119 0.0108 0.0302 0.00101 0.00339 0.00573 0.00756 0.00707 0.022 0.000977 0.00284 0.00482 0.00628 0.00653 0.0201 0.000689 0.0017 0.00275 0.00357 0.00396 0.0145 0.000565 0.00181 0.0025 0.00324 0.00336 0.0134 0.000464 0.00118 0.00162 0.00183 0.00205 0.00881 0.000398 0.000799 0.00115 0.00133 0.00154 0.00702 0.000187 0.000448 0.000706 0.000771 0.000746 0.00388 0.00019 0.000424 0.00058 0.000627 0.000484 0.00281 0.000236 0.000188 0.000188 0.000929</cvs>


  <!-- covariance matrix -->
<covmx>
   0.00105212 5.12333e-05 3.31792e-05 2.80218e-05 1.52192e-05 2.09747e-05 1.65196e-05 7.6123e-06 3.76768e-06 9.6462e-06 1.71021e-05 1.24585e-05 7.87504e-06 4.10586e-06 6.56506e-06 1.39506e-05 1.11793e-05 7.51065e-06 3.29995e-06 5.2582e-06 1.13852e-05 1.00537e-05 6.90162e-06 5.50598e-06 7.87591e-06 1.50528e-05 1.38917e-05 9.52981e-06 5.01045e-06 8.60281e-06 1.36373e-05 1.63804e-05 1.15136e-05 8.10586e-06 6.00923e-06 1.39295e-05 1.90045e-05 1.51859e-05 1.04976e-05 2.51259e-06 7.75567e-06 1.00525e-05 1.23556e-05 1.39074e-06 4.04858e-06 5.97858e-06 6.23035e-06 5.97193e-06 8.93007e-07 2.20473e-06 3.52934e-06 3.71838e-06 3.23469e-06 1.16641e-05 4.03995e-07 1.24969e-06 2.25271e-06 2.55761e-06 2.21054e-06 6.69448e-06 2.80601e-07 9.26306e-07 1.51355e-06 1.68929e-06 1.5332e-06 4.27148e-06 2.99654e-07 8.54303e-07 1.56169e-06 1.82189e-06 1.62545e-06 4.56484e-06 1.67735e-07 5.17909e-07 8.64252e-07 1.16234e-06 1.07783e-06 3.29684e-06 1.85389e-07 4.35725e-07 7.64519e-07 9.51282e-07 9.87033e-07 3.09687e-06 1.84153e-07 2.79018e-07 4.70977e-07 5.47724e-07 6.1912e-07 2.19173e-06 9.1083e-08 2.78285e-07 3.95724e-07 5.17062e-07 5.02427e-07 2.02111e-06 8.14231e-08 2.0745e-07 2.49073e-07 2.80766e-07 3.11195e-07 1.35167e-06 6.06755e-08 1.35285e-07 1.78676e-07 2.02329e-07 2.46264e-07 1.09981e-06 2.91149e-08 7.25122e-08 1.13584e-07 1.23042e-07 1.13487e-07 5.87735e-07 3.03215e-08 6.39516e-08 1.12126e-07 9.51801e-08 7.47283e-08 4.36591e-07 4.17197e-08 2.98194e-08 2.92706e-08 1.43134e-07  
   5.12333e-05 0.000249482 1.61567e-05 1.36453e-05 7.41101e-06 1.02137e-05 8.04427e-06 3.70683e-06 1.83468e-06 4.69724e-06 8.32791e-06 6.0667e-06 3.83477e-06 1.99936e-06 3.19688e-06 6.7933e-06 5.44378e-06 3.65733e-06 1.60692e-06 2.5605e-06 5.54405e-06 4.89569e-06 3.36077e-06 2.68115e-06 3.8352e-06 7.32999e-06 6.76459e-06 4.64057e-06 2.43985e-06 4.18917e-06 6.64072e-06 7.97648e-06 5.60659e-06 3.94717e-06 2.92621e-06 6.783e-06 9.25429e-06 7.39481e-06 5.11185e-06 1.22351e-06 3.77665e-06 4.89508e-06 6.01662e-06 6.77226e-07 1.97147e-06 2.91129e-06 3.03389e-06 2.90805e-06 4.34852e-07 1.0736e-06 1.71862e-06 1.81068e-06 1.57514e-06 5.67988e-06 1.96727e-07 6.08542e-07 1.09696e-06 1.24544e-06 1.07643e-06 3.2599e-06 1.36639e-07 4.51067e-07 7.37026e-07 8.22604e-07 7.46598e-07 2.08001e-06 1.45917e-07 4.16006e-07 7.60468e-07 8.87174e-07 7.91519e-07 2.22286e-06 8.16791e-08 2.52197e-07 4.2085e-07 5.66004e-07 5.24852e-07 1.6054e-06 9.02755e-08 2.12177e-07 3.72285e-07 4.63229e-07 4.80639e-07 1.50803e-06 8.96739e-08 1.35869e-07 2.29343e-07 2.66716e-07 3.01482e-07 1.06727e-06 4.43531e-08 1.35512e-07 1.92699e-07 2.51785e-07 2.44658e-07 9.84186e-07 3.96492e-08 1.01019e-07 1.21287e-07 1.3672e-07 1.51537e-07 6.58198e-07 2.95461e-08 6.58775e-08 8.70068e-08 9.85245e-08 1.19919e-07 5.35555e-07 1.41776e-08 3.531e-08 5.53103e-08 5.99155e-08 5.52626e-08 2.86199e-07 1.47652e-08 3.11414e-08 5.46002e-08 4.63482e-08 3.63892e-08 2.12599e-07 2.03155e-08 1.45207e-08 1.42534e-08 6.96994e-08  
   3.31792e-05 1.61567e-05 0.000104632 8.83683e-06 4.79945e-06 6.61448e-06 5.20955e-06 2.40058e-06 1.18816e-06 3.04198e-06 5.39324e-06 3.92886e-06 2.48344e-06 1.29481e-06 2.07033e-06 4.39941e-06 3.52545e-06 2.36852e-06 1.04066e-06 1.6582e-06 3.59038e-06 3.1705e-06 2.17647e-06 1.73634e-06 2.48371e-06 4.74697e-06 4.38081e-06 3.00528e-06 1.58007e-06 2.71295e-06 4.3006e-06 5.16564e-06 3.63089e-06 2.55623e-06 1.89504e-06 4.39274e-06 5.99317e-06 4.78895e-06 3.31048e-06 7.92359e-07 2.44579e-06 3.1701e-06 3.89642e-06 4.38579e-07 1.27674e-06 1.88538e-06 1.96478e-06 1.88328e-06 2.81615e-07 6.95275e-07 1.113e-06 1.17261e-06 1.02008e-06 3.67835e-06 1.27402e-07 3.94098e-07 7.10404e-07 8.06557e-07 6.97106e-07 2.11114e-06 8.8489e-08 2.92116e-07 4.77306e-07 5.32726e-07 4.83504e-07 1.34704e-06 9.44975e-08 2.69409e-07 4.92486e-07 5.74542e-07 5.12596e-07 1.43955e-06 5.28962e-08 1.63325e-07 2.72547e-07 3.6655e-07 3.39899e-07 1.03968e-06 5.84633e-08 1.37408e-07 2.41095e-07 2.99992e-07 3.11266e-07 9.76614e-07 5.80737e-08 8.79899e-08 1.48525e-07 1.72728e-07 1.95243e-07 6.91174e-07 2.87235e-08 8.77587e-08 1.24794e-07 1.63058e-07 1.58443e-07 6.37369e-07 2.56772e-08 6.54206e-08 7.85464e-08 8.85412e-08 9.8137e-08 4.26256e-07 1.91344e-08 4.26629e-08 5.63464e-08 6.38054e-08 7.76606e-08 3.46831e-07 9.18155e-09 2.28671e-08 3.58195e-08 3.88019e-08 3.57886e-08 1.85345e-07 9.56207e-09 2.01675e-08 3.53596e-08 3.00156e-08 2.3566e-08 1.37681e-07 1.31565e-08 9.40372e-09 9.23065e-09 4.5138e-08  
   2.80218e-05 1.36453e-05 8.83683e-06 7.46323e-05 4.05342e-06 5.58632e-06 4.39977e-06 2.02744e-06 1.00347e-06 2.56913e-06 4.55491e-06 3.31815e-06 2.09741e-06 1.09354e-06 1.74852e-06 3.71556e-06 2.97745e-06 2.00036e-06 8.78897e-07 1.40045e-06 3.03229e-06 2.67768e-06 1.83815e-06 1.46644e-06 2.09764e-06 4.0091e-06 3.69986e-06 2.53814e-06 1.33447e-06 2.29124e-06 3.63211e-06 4.3627e-06 3.0665e-06 2.15889e-06 1.60048e-06 3.70993e-06 5.06159e-06 4.04456e-06 2.7959e-06 6.69194e-07 2.06562e-06 2.67734e-06 3.29076e-06 3.70406e-07 1.07829e-06 1.59231e-06 1.65937e-06 1.59054e-06 2.3784e-07 5.87201e-07 9.39992e-07 9.9034e-07 8.61516e-07 3.10658e-06 1.07599e-07 3.32839e-07 5.99979e-07 6.81185e-07 5.88748e-07 1.78299e-06 7.47343e-08 2.46709e-07 4.03113e-07 4.49919e-07 4.08348e-07 1.13765e-06 7.98088e-08 2.27532e-07 4.15934e-07 4.85235e-07 4.32918e-07 1.21578e-06 4.4674e-08 1.37938e-07 2.30182e-07 3.09573e-07 2.87065e-07 8.78068e-07 4.93758e-08 1.16049e-07 2.0362e-07 2.53361e-07 2.62883e-07 8.24809e-07 4.90467e-08 7.43127e-08 1.25438e-07 1.45879e-07 1.64894e-07 5.83737e-07 2.42587e-08 7.41174e-08 1.05396e-07 1.37713e-07 1.33815e-07 5.38296e-07 2.1686e-08 5.52516e-08 6.63372e-08 7.47783e-08 8.28826e-08 3.59998e-07 1.61601e-08 3.60314e-08 4.75879e-08 5.38875e-08 6.5589e-08 2.92919e-07 7.75437e-09 1.93127e-08 3.02517e-08 3.27705e-08 3.02256e-08 1.56535e-07 8.07574e-09 1.70327e-08 2.98633e-08 2.53499e-08 1.99029e-08 1.1628e-07 1.11115e-08 7.94201e-09 7.79583e-09 3.81217e-08  
   1.52192e-05 7.41101e-06 4.79945e-06 4.05342e-06 2.20149e-05 3.03403e-06 2.3896e-06 1.10114e-06 5.45004e-07 1.39534e-06 2.47386e-06 1.80215e-06 1.13914e-06 5.93923e-07 9.49651e-07 2.01799e-06 1.61711e-06 1.08643e-06 4.77345e-07 7.60611e-07 1.64689e-06 1.45429e-06 9.98336e-07 7.96453e-07 1.13927e-06 2.17742e-06 2.00946e-06 1.37851e-06 7.24773e-07 1.24442e-06 1.97267e-06 2.36946e-06 1.66547e-06 1.17253e-06 8.69249e-07 2.01493e-06 2.74904e-06 2.19667e-06 1.5185e-06 3.63452e-07 1.12188e-06 1.45411e-06 1.78727e-06 2.01174e-07 5.85637e-07 8.64815e-07 9.01235e-07 8.63854e-07 1.29175e-07 3.1892e-07 5.10527e-07 5.37872e-07 4.67905e-07 1.68724e-06 5.84389e-08 1.80771e-07 3.25859e-07 3.69964e-07 3.1976e-07 9.68372e-07 4.05896e-08 1.33992e-07 2.18938e-07 2.44359e-07 2.21781e-07 6.1788e-07 4.33456e-08 1.23577e-07 2.25902e-07 2.6354e-07 2.35126e-07 6.60315e-07 2.42633e-08 7.49167e-08 1.25016e-07 1.68135e-07 1.5591e-07 4.76895e-07 2.68169e-08 6.30286e-08 1.1059e-07 1.37605e-07 1.42777e-07 4.47969e-07 2.66382e-08 4.03606e-08 6.81278e-08 7.92296e-08 8.95571e-08 3.17038e-07 1.31754e-08 4.02545e-08 5.72424e-08 7.47942e-08 7.26772e-08 2.92359e-07 1.1778e-08 3.00082e-08 3.60289e-08 4.06135e-08 4.5015e-08 1.95522e-07 8.77686e-09 1.95693e-08 2.58459e-08 2.92673e-08 3.56226e-08 1.5909e-07 4.21154e-09 1.04891e-08 1.64303e-08 1.77983e-08 1.64161e-08 8.50172e-08 4.38608e-09 9.25075e-09 1.62193e-08 1.3768e-08 1.08096e-08 6.31539e-08 6.03485e-09 4.31345e-09 4.23406e-09 2.07046e-08  
   2.09747e-05 1.02137e-05 6.61448e-06 5.58632e-06 3.03403e-06 4.18143e-05 3.29329e-06 1.51756e-06 7.51111e-07 1.92303e-06 3.40941e-06 2.48368e-06 1.56994e-06 8.1853e-07 1.30879e-06 2.78115e-06 2.22866e-06 1.49729e-06 6.57866e-07 1.04826e-06 2.26971e-06 2.00427e-06 1.37588e-06 1.09765e-06 1.57011e-06 3.00086e-06 2.76939e-06 1.89983e-06 9.98865e-07 1.71503e-06 2.71868e-06 3.26553e-06 2.29531e-06 1.61595e-06 1.19798e-06 2.77693e-06 3.78866e-06 3.0274e-06 2.09277e-06 5.009e-07 1.54614e-06 2.00402e-06 2.46317e-06 2.77253e-07 8.0711e-07 1.19187e-06 1.24206e-06 1.19054e-06 1.78026e-07 4.39528e-07 7.03596e-07 7.41282e-07 6.44855e-07 2.32532e-06 8.0539e-08 2.49134e-07 4.49091e-07 5.09876e-07 4.40685e-07 1.33459e-06 5.59395e-08 1.84665e-07 3.01735e-07 3.3677e-07 3.05654e-07 8.51547e-07 5.97379e-08 1.70311e-07 3.11332e-07 3.63205e-07 3.24044e-07 9.10029e-07 3.3439e-08 1.03248e-07 1.72294e-07 2.3172e-07 2.14872e-07 6.57245e-07 3.69584e-08 8.68644e-08 1.52412e-07 1.89644e-07 1.96771e-07 6.1738e-07 3.67121e-08 5.5624e-08 9.38921e-08 1.09192e-07 1.23425e-07 4.36935e-07 1.8158e-08 5.54778e-08 7.88901e-08 1.0308e-07 1.00162e-07 4.02921e-07 1.62322e-08 4.13565e-08 4.96542e-08 5.59725e-08 6.20386e-08 2.69463e-07 1.2096e-08 2.69699e-08 3.56202e-08 4.03355e-08 4.90942e-08 2.19254e-07 5.80424e-09 1.44558e-08 2.26438e-08 2.45291e-08 2.26243e-08 1.17169e-07 6.04479e-09 1.27492e-08 2.23531e-08 1.89747e-08 1.48976e-08 8.70371e-08 8.31708e-09 5.94469e-09 5.83528e-09 2.85346e-08  
   1.65196e-05 8.04427e-06 5.20955e-06 4.39977e-06 2.3896e-06 3.29329e-06 2.59378e-05 1.19523e-06 5.91573e-07 1.51457e-06 2.68524e-06 1.95614e-06 1.23648e-06 6.44672e-07 1.0308e-06 2.19042e-06 1.75529e-06 1.17927e-06 5.18133e-07 8.25603e-07 1.78761e-06 1.57856e-06 1.08364e-06 8.64508e-07 1.23662e-06 2.36347e-06 2.18117e-06 1.4963e-06 7.86703e-07 1.35075e-06 2.14123e-06 2.57192e-06 1.80778e-06 1.27272e-06 9.43525e-07 2.1871e-06 2.98394e-06 2.38437e-06 1.64826e-06 3.94508e-07 1.21774e-06 1.57836e-06 1.93999e-06 2.18364e-07 6.35678e-07 9.38712e-07 9.78243e-07 9.37668e-07 1.40213e-07 3.46171e-07 5.5415e-07 5.83832e-07 5.07886e-07 1.83141e-06 6.34323e-08 1.96217e-07 3.53703e-07 4.01577e-07 3.47082e-07 1.05112e-06 4.40578e-08 1.45442e-07 2.37646e-07 2.65239e-07 2.40732e-07 6.70676e-07 4.70494e-08 1.34136e-07 2.45204e-07 2.86059e-07 2.55216e-07 7.16737e-07 2.63365e-08 8.13181e-08 1.35698e-07 1.82502e-07 1.69233e-07 5.17644e-07 2.91083e-08 6.84142e-08 1.20039e-07 1.49363e-07 1.54977e-07 4.86247e-07 2.89143e-08 4.38093e-08 7.39492e-08 8.59996e-08 9.72096e-08 3.44129e-07 1.43012e-08 4.36942e-08 6.21336e-08 8.11852e-08 7.88873e-08 3.1734e-07 1.27845e-08 3.25723e-08 3.91075e-08 4.40838e-08 4.88615e-08 2.12229e-07 9.52682e-09 2.12414e-08 2.80543e-08 3.17681e-08 3.86665e-08 1.72684e-07 4.5714e-09 1.13853e-08 1.78342e-08 1.93191e-08 1.78188e-08 9.22817e-08 4.76086e-09 1.00412e-08 1.76052e-08 1.49445e-08 1.17333e-08 6.85502e-08 6.55051e-09 4.68202e-09 4.59585e-09 2.24738e-08  
   7.6123e-06 3.70683e-06 2.40058e-06 2.02744e-06 1.10114e-06 1.51756e-06 1.19523e-06 5.50766e-06 2.726e-07 6.97922e-07 1.23737e-06 9.01398e-07 5.69775e-07 2.97068e-07 4.74996e-07 1.00936e-06 8.08843e-07 5.43411e-07 2.38758e-07 3.80442e-07 8.23741e-07 7.27408e-07 4.99347e-07 3.98369e-07 5.69839e-07 1.0891e-06 1.00509e-06 6.89502e-07 3.62516e-07 6.22431e-07 9.86687e-07 1.18515e-06 8.33034e-07 5.86475e-07 4.3478e-07 1.00783e-06 1.37501e-06 1.09873e-06 7.59524e-07 1.81791e-07 5.61139e-07 7.27316e-07 8.93956e-07 1.00623e-07 2.92923e-07 4.32563e-07 4.50779e-07 4.32081e-07 6.46109e-08 1.59517e-07 2.55355e-07 2.69032e-07 2.34036e-07 8.43924e-07 2.92299e-08 9.04179e-08 1.62988e-07 1.85048e-07 1.59937e-07 4.8436e-07 2.0302e-08 6.70201e-08 1.09508e-07 1.22223e-07 1.1093e-07 3.09051e-07 2.16806e-08 6.18106e-08 1.12991e-07 1.31817e-07 1.17605e-07 3.30275e-07 1.2136e-08 3.74718e-08 6.25304e-08 8.40976e-08 7.79831e-08 2.38533e-07 1.34132e-08 3.15256e-08 5.53145e-08 6.88272e-08 7.14139e-08 2.24065e-07 1.33239e-08 2.01875e-08 3.40761e-08 3.9629e-08 4.47946e-08 1.58576e-07 6.59004e-09 2.01345e-08 2.86314e-08 3.74105e-08 3.63516e-08 1.46232e-07 5.89113e-09 1.50094e-08 1.80209e-08 2.0314e-08 2.25156e-08 9.77959e-08 4.39e-09 9.78815e-09 1.29276e-08 1.46389e-08 1.78177e-08 7.95734e-08 2.10652e-09 5.24641e-09 8.21807e-09 8.90232e-09 8.21098e-09 4.25238e-08 2.19383e-09 4.62703e-09 8.11256e-09 6.88647e-09 5.40674e-09 3.15882e-08 3.01851e-09 2.1575e-09 2.11779e-09 1.0356e-08  
   3.76768e-06 1.83468e-06 1.18816e-06 1.00347e-06 5.45004e-07 7.51111e-07 5.91573e-07 2.726e-07 1.34922e-06 3.45434e-07 6.12433e-07 4.46144e-07 2.82008e-07 1.47033e-07 2.35097e-07 4.99578e-07 4.00334e-07 2.68959e-07 1.18172e-07 1.88298e-07 4.07708e-07 3.60028e-07 2.4715e-07 1.97171e-07 2.8204e-07 5.39045e-07 4.97466e-07 3.41266e-07 1.79426e-07 3.0807e-07 4.88357e-07 5.86588e-07 4.12307e-07 2.90274e-07 2.15193e-07 4.9882e-07 6.80558e-07 5.43812e-07 3.75924e-07 8.99768e-08 2.77734e-07 3.59983e-07 4.4246e-07 4.9803e-08 1.44981e-07 2.14095e-07 2.23111e-07 2.13857e-07 3.19789e-08 7.89524e-08 1.26387e-07 1.33157e-07 1.15835e-07 4.17697e-07 1.44672e-08 4.4752e-08 8.06703e-08 9.1589e-08 7.91603e-08 2.39732e-07 1.00484e-08 3.31714e-08 5.42007e-08 6.0494e-08 5.49046e-08 1.52964e-07 1.07307e-08 3.05929e-08 5.59246e-08 6.52425e-08 5.82081e-08 1.63469e-07 6.00666e-09 1.85465e-08 3.09492e-08 4.16238e-08 3.85975e-08 1.18061e-07 6.63884e-09 1.56035e-08 2.73777e-08 3.40658e-08 3.5346e-08 1.109e-07 6.59459e-09 9.99174e-09 1.68659e-08 1.96142e-08 2.21709e-08 7.84866e-08 3.26172e-09 9.96549e-09 1.4171e-08 1.85162e-08 1.79921e-08 7.23768e-08 2.91579e-09 7.42887e-09 8.91939e-09 1.00543e-08 1.1144e-08 4.84037e-08 2.17281e-09 4.84461e-09 6.39845e-09 7.24546e-09 8.8188e-09 3.93846e-08 1.04262e-09 2.59669e-09 4.0675e-09 4.40617e-09 4.064e-09 2.1047e-08 1.08583e-09 2.29013e-09 4.01528e-09 3.40844e-09 2.67605e-09 1.56345e-08 1.494e-09 1.06785e-09 1.04819e-09 5.12567e-09  
   9.6462e-06 4.69724e-06 3.04198e-06 2.56913e-06 1.39534e-06 1.92303e-06 1.51457e-06 6.97922e-07 3.45434e-07 8.84396e-06 1.56798e-06 1.14224e-06 7.2201e-07 3.7644e-07 6.01907e-07 1.27904e-06 1.02495e-06 6.88602e-07 3.02551e-07 4.8209e-07 1.04383e-06 9.2176e-07 6.32764e-07 5.04807e-07 7.22091e-07 1.38009e-06 1.27364e-06 8.73726e-07 4.59375e-07 7.88735e-07 1.25031e-06 1.50181e-06 1.05561e-06 7.43173e-07 5.50947e-07 1.2771e-06 1.7424e-06 1.39229e-06 9.62458e-07 2.30363e-07 7.11067e-07 9.21644e-07 1.13281e-06 1.27508e-07 3.71188e-07 5.48137e-07 5.7122e-07 5.47527e-07 8.18739e-08 2.02138e-07 3.23582e-07 3.40914e-07 2.96567e-07 1.06941e-06 3.70397e-08 1.14576e-07 2.06536e-07 2.3449e-07 2.0267e-07 6.13773e-07 2.57264e-08 8.49269e-08 1.38767e-07 1.5488e-07 1.40569e-07 3.91624e-07 2.74733e-08 7.83255e-08 1.43181e-07 1.67037e-07 1.49027e-07 4.1852e-07 1.53785e-08 4.74836e-08 7.92375e-08 1.06567e-07 9.88191e-08 3.02265e-07 1.69971e-08 3.99487e-08 7.00938e-08 8.72168e-08 9.04946e-08 2.83931e-07 1.68838e-08 2.55813e-08 4.31807e-08 5.02172e-08 5.6763e-08 2.00945e-07 8.3508e-09 2.55141e-08 3.62813e-08 4.7406e-08 4.60642e-08 1.85302e-07 7.46515e-09 1.90197e-08 2.28358e-08 2.57416e-08 2.85314e-08 1.23925e-07 5.56294e-09 1.24034e-08 1.63816e-08 1.85502e-08 2.25783e-08 1.00834e-07 2.66935e-09 6.64817e-09 1.04138e-08 1.12809e-08 1.04048e-08 5.38855e-08 2.77998e-09 5.8633e-09 1.02801e-08 8.72643e-09 6.85134e-09 4.00281e-08 3.825e-09 2.73395e-09 2.68363e-09 1.3123e-08  
   1.71021e-05 8.32791e-06 5.39324e-06 4.55491e-06 2.47386e-06 3.40941e-06 2.68524e-06 1.23737e-06 6.12433e-07 1.56798e-06 2.77993e-05 2.02511e-06 1.28008e-06 6.67404e-07 1.06714e-06 2.26766e-06 1.81718e-06 1.22085e-06 5.36403e-07 8.54714e-07 1.85065e-06 1.63422e-06 1.12185e-06 8.94991e-07 1.28022e-06 2.44681e-06 2.25807e-06 1.54906e-06 8.14443e-07 1.39838e-06 2.21673e-06 2.66261e-06 1.87153e-06 1.3176e-06 9.76794e-07 2.26422e-06 3.08916e-06 2.46845e-06 1.70638e-06 4.08418e-07 1.26068e-06 1.63402e-06 2.0084e-06 2.26064e-07 6.58092e-07 9.71811e-07 1.01274e-06 9.70731e-07 1.45157e-07 3.58377e-07 5.7369e-07 6.04418e-07 5.25795e-07 1.89599e-06 6.5669e-08 2.03136e-07 3.66175e-07 4.15737e-07 3.59321e-07 1.08818e-06 4.56113e-08 1.5057e-07 2.46025e-07 2.74592e-07 2.49221e-07 6.94325e-07 4.87084e-08 1.38866e-07 2.5385e-07 2.96146e-07 2.64216e-07 7.42009e-07 2.72652e-08 8.41855e-08 1.40483e-07 1.88937e-07 1.752e-07 5.35897e-07 3.01347e-08 7.08265e-08 1.24272e-07 1.5463e-07 1.60441e-07 5.03392e-07 2.99339e-08 4.5354e-08 7.65567e-08 8.9032e-08 1.00637e-07 3.56263e-07 1.48054e-08 4.52349e-08 6.43245e-08 8.40479e-08 8.16689e-08 3.28529e-07 1.32352e-08 3.37208e-08 4.04865e-08 4.56382e-08 5.05844e-08 2.19712e-07 9.86274e-09 2.19904e-08 2.90436e-08 3.28883e-08 4.00299e-08 1.78773e-07 4.7326e-09 1.17868e-08 1.8463e-08 2.00003e-08 1.84471e-08 9.55356e-08 4.92873e-09 1.03953e-08 1.8226e-08 1.54714e-08 1.2147e-08 7.09673e-08 6.78149e-09 4.84711e-09 4.7579e-09 2.32662e-08  
   1.24585e-05 6.0667e-06 3.92886e-06 3.31815e-06 1.80215e-06 2.48368e-06 1.95614e-06 9.01398e-07 4.46144e-07 1.14224e-06 2.02511e-06 1.47525e-05 9.32509e-07 4.86189e-07 7.7739e-07 1.65194e-06 1.32377e-06 8.8936e-07 3.90758e-07 6.22641e-07 1.34816e-06 1.19049e-06 8.17244e-07 6.51981e-07 9.32613e-07 1.78245e-06 1.64496e-06 1.12846e-06 5.93304e-07 1.01869e-06 1.61484e-06 1.93965e-06 1.36337e-06 9.59841e-07 7.11573e-07 1.64944e-06 2.25038e-06 1.79821e-06 1.24306e-06 2.97524e-07 9.18375e-07 1.19034e-06 1.46307e-06 1.64682e-07 4.79406e-07 7.07943e-07 7.37756e-07 7.07156e-07 1.05744e-07 2.6107e-07 4.17921e-07 4.40305e-07 3.8303e-07 1.38119e-06 4.78384e-08 1.4798e-07 2.66751e-07 3.02855e-07 2.61757e-07 7.92716e-07 3.32269e-08 1.09687e-07 1.79224e-07 2.00034e-07 1.81552e-07 5.058e-07 3.5483e-08 1.01161e-07 1.84924e-07 2.15736e-07 1.92475e-07 5.40538e-07 1.98621e-08 6.13273e-08 1.02339e-07 1.37636e-07 1.27629e-07 3.90389e-07 2.19525e-08 5.15956e-08 9.05292e-08 1.12644e-07 1.16878e-07 3.6671e-07 2.18062e-08 3.30394e-08 5.57699e-08 6.48578e-08 7.3312e-08 2.5953e-07 1.07854e-08 3.29526e-08 4.6859e-08 6.1227e-08 5.9494e-08 2.39326e-07 9.64158e-09 2.45649e-08 2.94935e-08 3.32464e-08 3.68496e-08 1.60055e-07 7.18479e-09 1.60195e-08 2.11576e-08 2.39584e-08 2.91609e-08 1.30232e-07 3.44759e-09 8.58641e-09 1.34499e-08 1.45698e-08 1.34383e-08 6.95956e-08 3.59047e-09 7.57272e-09 1.32772e-08 1.12706e-08 8.84882e-09 5.16981e-08 4.94017e-09 3.53102e-09 3.46603e-09 1.69489e-08  
   7.87504e-06 3.83477e-06 2.48344e-06 2.09741e-06 1.13914e-06 1.56994e-06 1.23648e-06 5.69775e-07 2.82008e-07 7.2201e-07 1.28008e-06 9.32509e-07 5.89441e-06 3.07321e-07 4.9139e-07 1.04419e-06 8.3676e-07 5.62166e-07 2.46999e-07 3.93572e-07 8.52172e-07 7.52514e-07 5.16581e-07 4.12119e-07 5.89506e-07 1.12669e-06 1.03978e-06 7.13299e-07 3.75028e-07 6.43914e-07 1.02074e-06 1.22606e-06 8.61786e-07 6.06717e-07 4.49786e-07 1.04261e-06 1.42247e-06 1.13665e-06 7.85739e-07 1.88065e-07 5.80506e-07 7.52419e-07 9.2481e-07 1.04096e-07 3.03033e-07 4.47492e-07 4.66337e-07 4.46994e-07 6.68409e-08 1.65023e-07 2.64168e-07 2.78318e-07 2.42114e-07 8.73051e-07 3.02387e-08 9.35386e-08 1.68613e-07 1.91435e-07 1.65457e-07 5.01077e-07 2.10028e-08 6.93333e-08 1.13288e-07 1.26442e-07 1.14759e-07 3.19717e-07 2.24289e-08 6.3944e-08 1.16891e-07 1.36367e-07 1.21664e-07 3.41675e-07 1.25548e-08 3.87651e-08 6.46886e-08 8.70002e-08 8.06747e-08 2.46766e-07 1.38762e-08 3.26137e-08 5.72237e-08 7.12027e-08 7.38787e-08 2.31798e-07 1.37837e-08 2.08843e-08 3.52522e-08 4.09967e-08 4.63407e-08 1.64049e-07 6.8175e-09 2.08294e-08 2.96196e-08 3.87017e-08 3.76063e-08 1.51279e-07 6.09446e-09 1.55275e-08 1.86429e-08 2.10151e-08 2.32927e-08 1.01171e-07 4.54152e-09 1.0126e-08 1.33738e-08 1.51441e-08 1.84326e-08 8.23198e-08 2.17923e-09 5.42748e-09 8.50171e-09 9.20957e-09 8.49438e-09 4.39915e-08 2.26954e-09 4.78673e-09 8.39256e-09 7.12416e-09 5.59335e-09 3.26785e-08 3.12269e-09 2.23196e-09 2.19088e-09 1.07135e-08  
   4.10586e-06 1.99936e-06 1.29481e-06 1.09354e-06 5.93923e-07 8.1853e-07 6.44672e-07 2.97068e-07 1.47033e-07 3.7644e-07 6.67404e-07 4.86189e-07 3.07321e-07 1.6023e-06 2.56199e-07 5.44419e-07 4.36267e-07 2.93101e-07 1.28779e-07 2.052e-07 4.44303e-07 3.92343e-07 2.69334e-07 2.14869e-07 3.07355e-07 5.87429e-07 5.42118e-07 3.71898e-07 1.95531e-07 3.35722e-07 5.32191e-07 6.39239e-07 4.49315e-07 3.16328e-07 2.34508e-07 5.43594e-07 7.41644e-07 5.92624e-07 4.09666e-07 9.80529e-08 3.02663e-07 3.92294e-07 4.82175e-07 5.42733e-08 1.57995e-07 2.33312e-07 2.43137e-07 2.33053e-07 3.48493e-08 8.60391e-08 1.37731e-07 1.45109e-07 1.26233e-07 4.55189e-07 1.57658e-08 4.87689e-08 8.79112e-08 9.98099e-08 8.62656e-08 2.6125e-07 1.09504e-08 3.61488e-08 5.90657e-08 6.59239e-08 5.98328e-08 1.66693e-07 1.16939e-08 3.33389e-08 6.09443e-08 7.10986e-08 6.34328e-08 1.78141e-07 6.54581e-09 2.02112e-08 3.37271e-08 4.53599e-08 4.20619e-08 1.28658e-07 7.23473e-09 1.7004e-08 2.98351e-08 3.71235e-08 3.85186e-08 1.20854e-07 7.18652e-09 1.08886e-08 1.83797e-08 2.13748e-08 2.4161e-08 8.55315e-08 3.55449e-09 1.086e-08 1.5443e-08 2.01782e-08 1.9607e-08 7.88732e-08 3.17751e-09 8.09568e-09 9.71998e-09 1.09568e-08 1.21443e-08 5.27484e-08 2.36784e-09 5.27946e-09 6.97277e-09 7.89581e-09 9.61036e-09 4.29197e-08 1.1362e-09 2.82977e-09 4.4326e-09 4.80166e-09 4.42878e-09 2.29362e-08 1.18329e-09 2.49569e-09 4.37569e-09 3.71437e-09 2.91625e-09 1.70378e-08 1.6281e-09 1.16369e-09 1.14228e-09 5.58575e-09  
   6.56506e-06 3.19688e-06 2.07033e-06 1.74852e-06 9.49651e-07 1.30879e-06 1.0308e-06 4.74996e-07 2.35097e-07 6.01907e-07 1.06714e-06 7.7739e-07 4.9139e-07 2.56199e-07 4.0965e-06 8.70498e-07 6.97569e-07 4.68653e-07 2.05912e-07 3.28103e-07 7.10417e-07 6.27337e-07 4.3065e-07 3.43565e-07 4.91445e-07 9.39268e-07 8.66818e-07 5.94645e-07 3.12644e-07 5.36802e-07 8.50946e-07 1.02211e-06 7.18432e-07 5.05793e-07 3.74967e-07 8.69178e-07 1.18585e-06 9.47575e-07 6.55035e-07 1.56782e-07 4.83942e-07 6.27258e-07 7.70972e-07 8.67802e-08 2.52625e-07 3.73054e-07 3.88764e-07 3.72639e-07 5.57222e-08 1.37572e-07 2.20225e-07 2.32021e-07 2.01839e-07 7.27823e-07 2.52087e-08 7.79789e-08 1.40565e-07 1.59591e-07 1.37934e-07 4.17725e-07 1.7509e-08 5.78e-08 9.4443e-08 1.05409e-07 9.56695e-08 2.66534e-07 1.86979e-08 5.33072e-08 9.74467e-08 1.13683e-07 1.01426e-07 2.84839e-07 1.04664e-08 3.23167e-08 5.39279e-08 7.25281e-08 6.72548e-08 2.05717e-07 1.1568e-08 2.71885e-08 4.77048e-08 5.93585e-08 6.15893e-08 1.93239e-07 1.14909e-08 1.74103e-08 2.93882e-08 3.41771e-08 3.86321e-08 1.3676e-07 5.68344e-09 1.73645e-08 2.46926e-08 3.22639e-08 3.13506e-08 1.26114e-07 5.08068e-09 1.29446e-08 1.55417e-08 1.75194e-08 1.94181e-08 8.43419e-08 3.78606e-09 8.44158e-09 1.11491e-08 1.2625e-08 1.53665e-08 6.86263e-08 1.81672e-09 4.52465e-09 7.08749e-09 7.6776e-09 7.08138e-09 3.66737e-08 1.89202e-09 3.99048e-09 6.99649e-09 5.93909e-09 4.66293e-09 2.72426e-08 2.60324e-09 1.86069e-09 1.82644e-09 8.93132e-09  
   1.39506e-05 6.7933e-06 4.39941e-06 3.71556e-06 2.01799e-06 2.78115e-06 2.19042e-06 1.00936e-06 4.99578e-07 1.27904e-06 2.26766e-06 1.65194e-06 1.04419e-06 5.44419e-07 8.70498e-07 1.84979e-05 1.48232e-06 9.95878e-07 4.37558e-07 6.97214e-07 1.50962e-06 1.33308e-06 9.15124e-07 7.30068e-07 1.04431e-06 1.99593e-06 1.84197e-06 1.26361e-06 6.64363e-07 1.14069e-06 1.80824e-06 2.17196e-06 1.52665e-06 1.0748e-06 7.96797e-07 1.84699e-06 2.51991e-06 2.01358e-06 1.39194e-06 3.33158e-07 1.02837e-06 1.33291e-06 1.6383e-06 1.84406e-07 5.36824e-07 7.92733e-07 8.26116e-07 7.91851e-07 1.18409e-07 2.92338e-07 4.67975e-07 4.9304e-07 4.28905e-07 1.54661e-06 5.3568e-08 1.65704e-07 2.98699e-07 3.39128e-07 2.93108e-07 8.87658e-07 3.72064e-08 1.22824e-07 2.0069e-07 2.23992e-07 2.03296e-07 5.6638e-07 3.97328e-08 1.13277e-07 2.07073e-07 2.41574e-07 2.15528e-07 6.05277e-07 2.22409e-08 6.86724e-08 1.14596e-07 1.54121e-07 1.42915e-07 4.37146e-07 2.45817e-08 5.77751e-08 1.01372e-07 1.26136e-07 1.30876e-07 4.1063e-07 2.44179e-08 3.69965e-08 6.24494e-08 7.26258e-08 8.20925e-08 2.90613e-07 1.20772e-08 3.68993e-08 5.24712e-08 6.85601e-08 6.66195e-08 2.6799e-07 1.07963e-08 2.7507e-08 3.30259e-08 3.72283e-08 4.1263e-08 1.79225e-07 8.0453e-09 1.79382e-08 2.36916e-08 2.68278e-08 3.26534e-08 1.4583e-07 3.86051e-09 9.61479e-09 1.50608e-08 1.63148e-08 1.50478e-08 7.7931e-08 4.0205e-09 8.47969e-09 1.48674e-08 1.26204e-08 9.90863e-09 5.789e-08 5.53184e-09 3.95392e-09 3.88115e-09 1.89789e-08  
   1.11793e-05 5.44378e-06 3.52545e-06 2.97745e-06 1.61711e-06 2.22866e-06 1.75529e-06 8.08843e-07 4.00334e-07 1.02495e-06 1.81718e-06 1.32377e-06 8.3676e-07 4.36267e-07 6.97569e-07 1.48232e-06 1.18785e-05 7.98042e-07 3.50635e-07 5.58708e-07 1.20973e-06 1.06826e-06 7.3333e-07 5.85036e-07 8.36853e-07 1.59943e-06 1.47605e-06 1.01259e-06 5.32384e-07 9.14089e-07 1.44903e-06 1.74049e-06 1.22338e-06 8.61285e-07 6.38509e-07 1.48007e-06 2.01932e-06 1.61357e-06 1.11542e-06 2.66974e-07 8.24077e-07 1.06812e-06 1.31284e-06 1.47773e-07 4.30181e-07 6.35252e-07 6.62004e-07 6.34546e-07 9.48861e-08 2.34263e-07 3.75009e-07 3.95095e-07 3.43701e-07 1.23937e-06 4.29264e-08 1.32786e-07 2.39361e-07 2.71758e-07 2.3488e-07 7.1132e-07 2.98152e-08 9.84243e-08 1.60822e-07 1.79495e-07 1.6291e-07 4.53865e-07 3.18396e-08 9.07738e-08 1.65936e-07 1.93584e-07 1.72712e-07 4.85036e-07 1.78226e-08 5.50302e-08 9.18308e-08 1.23504e-07 1.14524e-07 3.50304e-07 1.96984e-08 4.62978e-08 8.12338e-08 1.01078e-07 1.04877e-07 3.29056e-07 1.95671e-08 2.9647e-08 5.00435e-08 5.81983e-08 6.57844e-08 2.32881e-07 9.678e-09 2.95691e-08 4.20475e-08 5.49403e-08 5.33852e-08 2.14753e-07 8.65159e-09 2.20426e-08 2.64651e-08 2.98327e-08 3.30659e-08 1.43621e-07 6.44706e-09 1.43747e-08 1.89852e-08 2.14984e-08 2.61667e-08 1.1686e-07 3.0936e-09 7.70476e-09 1.20689e-08 1.30738e-08 1.20585e-08 6.24496e-08 3.22181e-09 6.79516e-09 1.19139e-08 1.01133e-08 7.94023e-09 4.63898e-08 4.43291e-09 3.16845e-09 3.11014e-09 1.52086e-08  
   7.51065e-06 3.65733e-06 2.36852e-06 2.00036e-06 1.08643e-06 1.49729e-06 1.17927e-06 5.43411e-07 2.68959e-07 6.88602e-07 1.22085e-06 8.8936e-07 5.62166e-07 2.93101e-07 4.68653e-07 9.95878e-07 7.98042e-07 5.36154e-06 2.3557e-07 3.75361e-07 8.1274e-07 7.17694e-07 4.92678e-07 3.93049e-07 5.62229e-07 1.07455e-06 9.91668e-07 6.80294e-07 3.57675e-07 6.14119e-07 9.7351e-07 1.16933e-06 8.2191e-07 5.78643e-07 4.28974e-07 9.94368e-07 1.35665e-06 1.08406e-06 7.49381e-07 1.79363e-07 5.53645e-07 7.17604e-07 8.82018e-07 9.92794e-08 2.89011e-07 4.26786e-07 4.44759e-07 4.26311e-07 6.3748e-08 1.57387e-07 2.51945e-07 2.6544e-07 2.30911e-07 8.32654e-07 2.88396e-08 8.92104e-08 1.60811e-07 1.82577e-07 1.57801e-07 4.77891e-07 2.00309e-08 6.61251e-08 1.08046e-07 1.20591e-07 1.09449e-07 3.04924e-07 2.13911e-08 6.09852e-08 1.11482e-07 1.30057e-07 1.16034e-07 3.25865e-07 1.19739e-08 3.69714e-08 6.16953e-08 8.29746e-08 7.69417e-08 2.35347e-07 1.32341e-08 3.11046e-08 5.45759e-08 6.79081e-08 7.04602e-08 2.21072e-07 1.31459e-08 1.99179e-08 3.36211e-08 3.90998e-08 4.41964e-08 1.56458e-07 6.50204e-09 1.98656e-08 2.82491e-08 3.69109e-08 3.58662e-08 1.44279e-07 5.81246e-09 1.4809e-08 1.77803e-08 2.00427e-08 2.22149e-08 9.64899e-08 4.33137e-09 9.65744e-09 1.27549e-08 1.44434e-08 1.75797e-08 7.85107e-08 2.07839e-09 5.17635e-09 8.10833e-09 8.78343e-09 8.10133e-09 4.19559e-08 2.16453e-09 4.56524e-09 8.00422e-09 6.79451e-09 5.33454e-09 3.11664e-08 2.9782e-09 2.12869e-09 2.08951e-09 1.02177e-08  
   3.29995e-06 1.60692e-06 1.04066e-06 8.78897e-07 4.77345e-07 6.57866e-07 5.18133e-07 2.38758e-07 1.18172e-07 3.02551e-07 5.36403e-07 3.90758e-07 2.46999e-07 1.28779e-07 2.05912e-07 4.37558e-07 3.50635e-07 2.3557e-07 1.03502e-06 1.64922e-07 3.57093e-07 3.15333e-07 2.16468e-07 1.72694e-07 2.47026e-07 4.72126e-07 4.35709e-07 2.989e-07 1.57152e-07 2.69825e-07 4.27731e-07 5.13767e-07 3.61122e-07 2.54238e-07 1.88478e-07 4.36895e-07 5.96071e-07 4.76302e-07 3.29255e-07 7.88067e-08 2.43255e-07 3.15293e-07 3.87532e-07 4.36203e-08 1.26983e-07 1.87517e-07 1.95413e-07 1.87308e-07 2.80089e-08 6.9151e-08 1.10697e-07 1.16626e-07 1.01455e-07 3.65843e-07 1.26712e-08 3.91963e-08 7.06557e-08 8.02188e-08 6.93331e-08 2.09971e-07 8.80098e-09 2.90534e-08 4.74721e-08 5.29841e-08 4.80886e-08 1.33974e-07 9.39858e-09 2.6795e-08 4.89819e-08 5.71431e-08 5.09819e-08 1.43175e-07 5.26097e-09 1.62441e-08 2.7107e-08 3.64565e-08 3.38059e-08 1.03404e-07 5.81467e-09 1.36664e-08 2.3979e-08 2.98367e-08 3.09581e-08 9.71324e-08 5.77592e-09 8.75133e-09 1.47721e-08 1.71792e-08 1.94186e-08 6.8743e-08 2.8568e-09 8.72834e-09 1.24118e-08 1.62175e-08 1.57585e-08 6.33917e-08 2.55382e-09 6.50663e-09 7.8121e-09 8.80617e-09 9.76055e-09 4.23947e-08 1.90307e-09 4.24318e-09 5.60413e-09 6.34599e-09 7.724e-09 3.44952e-08 9.13182e-10 2.27433e-09 3.56255e-09 3.85917e-09 3.55948e-09 1.84342e-08 9.51028e-10 2.00583e-09 3.51681e-09 2.9853e-09 2.34383e-09 1.36936e-08 1.30853e-09 9.35279e-10 9.18066e-10 4.48936e-09  
   5.2582e-06 2.5605e-06 1.6582e-06 1.40045e-06 7.60611e-07 1.04826e-06 8.25603e-07 3.80442e-07 1.88298e-07 4.8209e-07 8.54714e-07 6.22641e-07 3.93572e-07 2.052e-07 3.28103e-07 6.97214e-07 5.58708e-07 3.75361e-07 1.64922e-07 2.6279e-06 5.68999e-07 5.02457e-07 3.44924e-07 2.75173e-07 3.93616e-07 7.52295e-07 6.94266e-07 4.76273e-07 2.50408e-07 4.29944e-07 6.81554e-07 8.18645e-07 5.75419e-07 4.05108e-07 3.00325e-07 6.96157e-07 9.49791e-07 7.58948e-07 5.24641e-07 1.25572e-07 3.87607e-07 5.02394e-07 6.175e-07 6.95054e-08 2.02337e-07 2.98793e-07 3.11375e-07 2.9846e-07 4.463e-08 1.10186e-07 1.76386e-07 1.85834e-07 1.61661e-07 5.8294e-07 2.01906e-08 6.24562e-08 1.12584e-07 1.27822e-07 1.10477e-07 3.34571e-07 1.40236e-08 4.62942e-08 7.56428e-08 8.44258e-08 7.66252e-08 2.13477e-07 1.49759e-08 4.26957e-08 7.80487e-08 9.10528e-08 8.12356e-08 2.28138e-07 8.38293e-09 2.58836e-08 4.31929e-08 5.80904e-08 5.38669e-08 1.64767e-07 9.2652e-09 2.17763e-08 3.82085e-08 4.75424e-08 4.93291e-08 1.54773e-07 9.20345e-09 1.39445e-08 2.35381e-08 2.73737e-08 3.09419e-08 1.09536e-07 4.55207e-09 1.39079e-08 1.97772e-08 2.58413e-08 2.51099e-08 1.01009e-07 4.0693e-09 1.03678e-08 1.24479e-08 1.40319e-08 1.55526e-08 6.75525e-08 3.03239e-09 6.76117e-09 8.92972e-09 1.01118e-08 1.23076e-08 5.49653e-08 1.45508e-09 3.62396e-09 5.67663e-09 6.14928e-09 5.67174e-09 2.93733e-08 1.51539e-09 3.19612e-09 5.60375e-09 4.75683e-09 3.73471e-09 2.18196e-08 2.08503e-09 1.49029e-09 1.46286e-09 7.15342e-09  
