<pars>

<uncorrelated>

<!-- Diff. Data - MC Inelastic Cross section in Al.--> 
  <inel_piAl_xsec>
    <cv> 0.0 </cv>
    <err> 23.8 </err> <!-- mb -->
  </inel_piAl_xsec>
  <inel_kapAl_xsec_lowP>
    <cv> 0.0 </cv>
    <err> 83.0 </err> <!-- mb-->
  </inel_kapAl_xsec_lowP>
  <inel_kamAl_xsec_lowP>
    <cv> 0.0 </cv>
    <err> 49.0 </err> <!-- mb-->
  </inel_kamAl_xsec_lowP>
  <inel_kapAl_xsec_highP>
    <cv> 0.0 </cv>
    <err> 30.5 </err> <!-- mb-->
  </inel_kapAl_xsec_highP>
  <inel_kamAl_xsec_highP>
    <cv> 0.0 </cv>
    <err> 30.5 </err> <!-- mb-->
  </inel_kamAl_xsec_highP>

<!-- Data cross section in C.--> 
  <prod_prtC_xsec>
    <cv> 226.5 </cv>
    <err> 5.6575 </err> <!-- mb -->
  </prod_prtC_xsec>
  <qe_prtC_xsec>
    <cv> 28.9 </cv>
    <err> 4.2 </err> <!-- mb -->
  </qe_prtC_xsec>
  <inel_piC_xsec>
    <cv> 1.0 </cv>
    <err> 0.0352089 </err> <!-- fractional error -->
  </inel_piC_xsec>

  <inel_pC_xsec_scale>
    <cv> 0.95 </cv>
    <err> 0.04 </err> <!-- a 4% error -->
  </inel_pC_xsec_scale>
  <inel_piC_xsec_scale>
      <cv> 1.4 </cv>
      <err> 0.20 </err> <!-- a 20% error -->
  </inel_piC_xsec_scale>
  <inel_A_scaling>
    <cv> 1.0 </cv>
    <err> 0.1 </err>
  </inel_A_scaling>
  <prt_no_interacting>
    <cv> 0.135 </cv>
    <err> 0.00405 </err>
  </prt_no_interacting>
  <!-- etc. These don't all have to be scale factors. Parameters with units are OK. Downstream code will interpret the meaning of each parameter. --> 
  </uncorrelated>

<uncorrelated_list>

<MIPP_NuMI_pip_stats>
<cvs>0.332 0.325 0.193 0.106 0.092 0.137 0.0903 0.0492 0.0142 0.0602 0.111 0.0826 0.0432 0.0219 0.0427 0.0919 0.0746 0.0421 0.0216 0.0342 0.075 0.0668 0.0382 0.0199 0.0391 0.0998 0.0927 0.052 0.0285 0.0423 0.0912 0.101 0.0765 0.0476 0.0401 0.088 0.126 0.0994 0.0699 0.0154 0.0512 0.0647 0.0679 0.00794 0.0269 0.0393 0.0401 0.0311 0.00399 0.0139 0.0232 0.0246 0.0214 0.058 0.00235 0.00825 0.015 0.0166 0.0145 0.0378 0.00162 0.00584 0.0101 0.0112 0.0101 0.0279 0.00178 0.00551 0.00961 0.0119 0.0108 0.0302 0.00101 0.00339 0.00573 0.00756 0.00707 0.022 0.000977 0.00284 0.00482 0.00628 0.00653 0.0201 0.000689 0.0017 0.00275 0.00357 0.00396 0.0145 0.000565 0.00181 0.0025 0.00324 0.00336 0.0134 0.000464 0.00118 0.00162 0.00183 0.00205 0.00881 0.000398 0.000799 0.00115 0.00133 0.00154 0.00702 0.000187 0.000448 0.000706 0.000771 0.000746 0.00388 0.00019 0.000424 0.00058 0.000627 0.000484 0.00281 0.000236 0.000188 0.000188 0.000929</cvs>
<errs>0.0032204 0.0034125 0.0028178 0.0020882 0.0011224 0.0016166 0.00141771 0.00104304 0.00076538 0.00084882 0.0014763 0.00131334 0.00090288 0.00068328 0.00074298 0.00136012 0.00124582 0.00092199 0.00061344 0.00063954 0.0012675 0.0012358 0.00109634 0.0005771 0.00079764 0.00182634 0.00190962 0.0012792 0.0011913 0.00099405 0.00188784 0.002222 0.00192015 0.00148036 0.0011629 0.0021472 0.0030366 0.0026838 0.00219486 0.00172326 0.00390656 0.00564184 0.00632149 0.000379532 0.00095495 0.00150126 0.00155588 0.00245379 0.000141645 0.00087292 0.0003944 0.00045756 0.00056496 0.0034046 9.4235e-05 0.000160875 0.000258 0.0003486 0.00040455 0.00158004 8.0676e-05 0.000141912 0.000202 0.00023968 0.0002424 0.00082584 8.2236e-05 0.00013775 0.000180668 0.00022253 0.00022896 0.0006493 5.8378e-05 0.000101361 0.000124341 0.00018522 0.000180285 0.0004136 5.65683e-05 9.1448e-05 0.000143636 0.000158256 0.000177616 0.00040602 4.58185e-05 9.758e-05 0.0001078 0.000124593 0.00013266 0.00029725 6.43535e-05 9.2672e-05 0.0001015 0.00011178 0.000112896 0.00028542 3.97184e-05 6.3484e-05 6.804e-05 6.4233e-05 7.052e-05 0.000165628 3.90836e-05 5.04968e-05 5.3245e-05 5.4663e-05 5.8982e-05 0.000141102 2.22717e-05 4.62784e-05 4.14422e-05 4.09401e-05 3.88666e-05 9.5448e-05 2.2534e-05 3.89656e-05 3.6424e-05 3.53628e-05 3.01048e-05 7.7837e-05 2.43552e-05 1.95332e-05 1.9082e-05 4.35701e-05</errs>
</MIPP_NuMI_pip_stats>

<MIPP_NuMI_pim_stats>
<cvs>0.276 0.356 0.191 0.0949 0.0754 0.144 0.0924 0.0463 0.0223 0.0514 0.113 0.0814 0.0433 0.0222 0.039 0.0904 0.0711 0.0403 0.0209 0.0323 0.0725 0.0619 0.0361 0.0193 0.0365 0.0909 0.0822 0.0525 0.0301 0.0372 0.0883 0.0932 0.0658 0.0387 0.032 0.082 0.108 0.083 0.0561 0.0174 0.0482 0.0564 0.0579 0.00864 0.026 0.0347 0.0326 0.0253 0.00446 0.012 0.019 0.0209 0.0172 0.0486 0.00263 0.00844 0.0127 0.014 0.0121 0.031 0.00168 0.0051 0.00765 0.00951 0.00874 0.0221 0.00161 0.00473 0.00706 0.00899 0.0082 0.0254 0.000919 0.00261 0.00398 0.00511 0.00559 0.0168 0.00064 0.00204 0.00291 0.00404 0.00418 0.0151 0.000461 0.00114 0.00148 0.00217 0.0025 0.0104 0.000388 0.000867 0.0012 0.00162 0.00211 0.00883 0.000263 0.000555 0.000723 0.000838 0.00109 0.00525 0.000138 0.000292 0.000477 0.000504 0.000655 0.00358 0.000155 0.000215 0.000219 0.000305 0.0018 8.79e-05 0.000171 0.000152 0.000157 0.00103 0.000333</cvs>
<errs>0.0023736 0.00267 0.0020819 0.00159432 0.00087464 0.001224 0.00105336 0.00081488 0.00062663 0.00067334 0.0010622 0.00091168 0.00065816 0.00054834 0.0006045 0.0009492 0.00083898 0.00062062 0.00047234 0.00052326 0.0008845 0.00082327 0.00057038 0.00041495 0.00062415 0.00119079 0.00115902 0.00087675 0.00061705 0.00071052 0.0013245 0.0014912 0.0011844 0.00084753 0.0008256 0.0014678 0.0018684 0.0016185 0.00129591 0.00138156 0.00203886 0.00252672 0.00326556 0.000298944 0.0006682 0.00086403 0.00102364 0.00154583 0.000143612 0.0010164 0.000304 0.00039919 0.00049364 0.00307638 0.000108356 0.000169644 0.00022606 0.0002674 0.00031702 0.0013206 8.568e-05 0.00013311 0.000161415 0.000201612 0.000208012 0.00065416 8.1305e-05 0.000126764 0.000147554 0.000180699 0.00018614 0.00051054 6.29515e-05 9.5526e-05 0.000106664 0.000139503 0.000150371 0.00033768 4.9536e-05 8.4048e-05 0.000112617 0.00012524 0.00012331 0.00028539 4.19049e-05 8.265e-05 9.5756e-05 8.5064e-05 8.725e-05 0.00020904 5.31172e-05 7.68162e-05 6.768e-05 8.1324e-05 8.0391e-05 0.0001766 2.95349e-05 4.06815e-05 4.43922e-05 4.71794e-05 5.4282e-05 0.0001239 2.22318e-05 2.9492e-05 3.57273e-05 3.5784e-05 4.06755e-05 9.8808e-05 2.12195e-05 2.3263e-05 2.26884e-05 2.684e-05 6.516e-05 1.46529e-05 1.98189e-05 1.8012e-05 1.75055e-05 4.6453e-05 2.44422e-05</errs>
</MIPP_NuMI_pim_stats>

<MIPP_NuMI_kap_pip_stats>
<cvs>0.136 0.104 0.161 0.213 0.094 0.14 0.171 0.221 0.472 0.087 0.156 0.163 0.202 0.259 0.327 0.214 0.206 0.195 0.232 0.328 0.308 0.305 0.209 0.213</cvs> 
<errs>0.00982192 0.00512304 0.00679742 0.00927615 0.0069842 0.0058324 0.00634068 0.00794937 0.0445049 0.00721839 0.00725556 0.00712473 0.00772852 0.0208184 0.0202773 0.010364 0.0102135 0.00858585 0.0172306 0.0358406 0.0248279 0.0268369 0.0177148 0.0298115</errs>
</MIPP_NuMI_kap_pip_stats>

<MIPP_NuMI_kap_pip_sys>
<cvs>0.136 0.104 0.161 0.213 0.094 0.14 0.171 0.221 0.472 0.087 0.156 0.163 0.202 0.259 0.327 0.214 0.206 0.195 0.232 0.328 0.308 0.305 0.209 0.213</cvs>
<errs>0.00477893 0.00796997 0.0126834 0.0208652 0.00397014 0.00400014 0.00422248 0.00767516 0.0419582 0.00972619 0.010727 0.00511752 0.00729163 0.009341 0.0233581 0.00779336 0.00724348 0.00675933 0.0107465 0.125469 0.0401426 0.0229935 0.0605364 0.0177777</errs>
</MIPP_NuMI_kap_pip_sys>

<MIPP_NuMI_kam_pim_stats>
<cvs>0.069 0.077 0.084 0.126 0.064 0.087 0.074 0.115 0.169 0.1 0.066 0.079 0.087 0.078 0.097 0.055 0.034 0.058 0.031 0.068 0.094 0.042 0.03 0</cvs>
<errs>0.00893826 0.00569646 0.00563388 0.00775656 0.00843072 0.00633621 0.00511932 0.006325 0.0242667 0.013127 0.00681252 0.0066202 0.00603432 0.011122 0.0186211 0.0086427 0.00555084 0.00591368 0.00580289 0.0276107 0.0224951 0.0118301 0.0074142 0</errs>
</MIPP_NuMI_kam_pim_stats>

<MIPP_NuMI_kam_pim_sys>
<cvs>0.069 0.077 0.084 0.126 0.064 0.087 0.074 0.115 0.169 0.1 0.066 0.079 0.087 0.078 0.097 0.055 0.034 0.058 0.031 0.068 0.094 0.042 0.03 0</cvs>
<errs>0.00194098 0.00158849 0.00265006 0.0065354 0.00166075 0.00134716 0.00162895 0.00444239 0.0168849 0.00400608 0.00210408 0.00198487 0.00185832 0.00499275 0.00597331 0.00163114 0.00131777 0.00360229 0.00543783 0.0100919 0.0072341 0.00409184 0.00655074 0</errs>
</MIPP_NuMI_kam_pim_sys>

</uncorrelated_list>

<correlated>

<MIPP_NuMI_pip_sys>
<cvs>0.332 0.325 0.193 0.106 0.092 0.137 0.0903 0.0492 0.0142 0.0602 0.111 0.0826 0.0432 0.0219 0.0427 0.0919 0.0746 0.0421 0.0216 0.0342 0.075 0.0668 0.0382 0.0199 0.0391 0.0998 0.0927 0.052 0.0285 0.0423 0.0912 0.101 0.0765 0.0476 0.0401 0.088 0.126 0.0994 0.0699 0.0154 0.0512 0.0647 0.0679 0.00794 0.0269 0.0393 0.0401 0.0311 0.00399 0.0139 0.0232 0.0246 0.0214 0.058 0.00235 0.00825 0.015 0.0166 0.0145 0.0378 0.00162 0.00584 0.0101 0.0112 0.0101 0.0279 0.00178 0.00551 0.00961 0.0119 0.0108 0.0302 0.00101 0.00339 0.00573 0.00756 0.00707 0.022 0.000977 0.00284 0.00482 0.00628 0.00653 0.0201 0.000689 0.0017 0.00275 0.00357 0.00396 0.0145 0.000565 0.00181 0.0025 0.00324 0.00336 0.0134 0.000464 0.00118 0.00162 0.00183 0.00205 0.00881 0.000398 0.000799 0.00115 0.00133 0.00154 0.00702 0.000187 0.000448 0.000706 0.000771 0.000746 0.00388 0.00019 0.000424 0.00058 0.000627 0.000484 0.00281 0.000236 0.000188 0.000188 0.000929</cvs>


  <!-- covariance matrix -->
<covmx>
   0.00105212 0.00050721 0.000328474 0.000277416 0.00015067 0.000207649 0.000163544 7.53618e-05 3.73001e-05 9.54973e-05 0.000169311 0.000123339 7.79629e-05 4.06481e-05 6.49941e-05 0.000138111 0.000110675 7.43554e-05 3.26695e-05 5.20562e-05 0.000112713 9.95319e-05 6.83261e-05 5.45092e-05 7.79716e-05 0.000149022 0.000137528 9.43452e-05 4.96035e-05 8.51679e-05 0.000135009 0.000162166 0.000113985 8.0248e-05 5.94914e-05 0.000137902 0.000188144 0.00015034 0.000103926 0 0 0 0 0 0 0 0 0 0 0 0 0 0 0 0 0 0 0 0 0 0 0 0 0 0 0 0 0 0 0 0 0 0 0 0 0 0 0 0 0 0 0 0 0 0 0 0 0 0 0 0 0 0 0 0 0 0 0 0 0 0 0 0 0 0 0 0 0 0 0 0 0 0 0 0 0 0 0 0 0 0 0 0 0  
   0.00050721 0.000249482 0.000159951 0.000135088 7.3369e-05 0.000101115 7.96382e-05 3.66977e-05 1.81634e-05 4.65027e-05 8.24463e-05 6.00603e-05 3.79643e-05 1.97937e-05 3.16491e-05 6.72537e-05 5.38934e-05 3.62076e-05 1.59085e-05 2.53489e-05 5.4886e-05 4.84673e-05 3.32716e-05 2.65434e-05 3.79685e-05 7.25669e-05 6.69694e-05 4.59417e-05 2.41546e-05 4.14727e-05 6.57432e-05 7.89671e-05 5.55053e-05 3.9077e-05 2.89695e-05 6.71517e-05 9.16175e-05 7.32086e-05 5.06073e-05 0 0 0 0 0 0 0 0 0 0 0 0 0 0 0 0 0 0 0 0 0 0 0 0 0 0 0 0 0 0 0 0 0 0 0 0 0 0 0 0 0 0 0 0 0 0 0 0 0 0 0 0 0 0 0 0 0 0 0 0 0 0 0 0 0 0 0 0 0 0 0 0 0 0 0 0 0 0 0 0 0 0 0 0 0  
   0.000328474 0.000159951 0.000104632 8.74846e-05 4.75145e-05 6.54834e-05 5.15745e-05 2.37658e-05 1.17628e-05 3.01156e-05 5.33931e-05 3.88957e-05 2.4586e-05 1.28186e-05 2.04963e-05 4.35542e-05 3.49019e-05 2.34484e-05 1.03025e-05 1.64162e-05 3.55448e-05 3.13879e-05 2.1547e-05 1.71898e-05 2.45888e-05 4.6995e-05 4.33701e-05 2.97523e-05 1.56427e-05 2.68582e-05 4.25759e-05 5.11399e-05 3.59458e-05 2.53066e-05 1.87609e-05 4.34881e-05 5.93324e-05 4.74106e-05 3.27738e-05 0 0 0 0 0 0 0 0 0 0 0 0 0 0 0 0 0 0 0 0 0 0 0 0 0 0 0 0 0 0 0 0 0 0 0 0 0 0 0 0 0 0 0 0 0 0 0 0 0 0 0 0 0 0 0 0 0 0 0 0 0 0 0 0 0 0 0 0 0 0 0 0 0 0 0 0 0 0 0 0 0 0 0 0 0  
   0.000277416 0.000135088 8.74846e-05 7.46323e-05 4.01288e-05 5.53046e-05 4.35578e-05 2.00716e-05 9.93437e-06 2.54344e-05 4.50936e-05 3.28497e-05 2.07644e-05 1.08261e-05 1.73103e-05 3.67841e-05 2.94767e-05 1.98036e-05 8.70108e-06 1.38645e-05 3.00197e-05 2.6509e-05 1.81977e-05 1.45178e-05 2.07667e-05 3.96901e-05 3.66286e-05 2.51276e-05 1.32112e-05 2.26833e-05 3.59579e-05 4.31907e-05 3.03583e-05 2.1373e-05 1.58447e-05 3.67283e-05 5.01097e-05 4.00411e-05 2.76794e-05 0 0 0 0 0 0 0 0 0 0 0 0 0 0 0 0 0 0 0 0 0 0 0 0 0 0 0 0 0 0 0 0 0 0 0 0 0 0 0 0 0 0 0 0 0 0 0 0 0 0 0 0 0 0 0 0 0 0 0 0 0 0 0 0 0 0 0 0 0 0 0 0 0 0 0 0 0 0 0 0 0 0 0 0 0  
   0.00015067 7.3369e-05 4.75145e-05 4.01288e-05 2.20149e-05 3.00369e-05 2.3657e-05 1.09013e-05 5.39554e-06 1.38139e-05 2.44912e-05 1.78413e-05 1.12775e-05 5.87984e-06 9.40155e-06 1.99781e-05 1.60094e-05 1.07557e-05 4.72572e-06 7.53005e-06 1.63042e-05 1.43975e-05 9.88352e-06 7.88488e-06 1.12788e-05 2.15564e-05 1.98937e-05 1.36472e-05 7.17526e-06 1.23197e-05 1.95294e-05 2.34577e-05 1.64882e-05 1.16081e-05 8.60557e-06 1.99478e-05 2.72155e-05 2.17471e-05 1.50332e-05 0 0 0 0 0 0 0 0 0 0 0 0 0 0 0 0 0 0 0 0 0 0 0 0 0 0 0 0 0 0 0 0 0 0 0 0 0 0 0 0 0 0 0 0 0 0 0 0 0 0 0 0 0 0 0 0 0 0 0 0 0 0 0 0 0 0 0 0 0 0 0 0 0 0 0 0 0 0 0 0 0 0 0 0 0  
   0.000207649 0.000101115 6.54834e-05 5.53046e-05 3.00369e-05 4.18143e-05 3.26035e-05 1.50239e-05 7.436e-06 1.9038e-05 3.37532e-05 2.45884e-05 1.55424e-05 8.10345e-06 1.2957e-05 2.75334e-05 2.20637e-05 1.48232e-05 6.51287e-06 1.03777e-05 2.24701e-05 1.98423e-05 1.36212e-05 1.08668e-05 1.55441e-05 2.97085e-05 2.7417e-05 1.88083e-05 9.88876e-06 1.69787e-05 2.69149e-05 3.23288e-05 2.27236e-05 1.59979e-05 1.186e-05 2.74916e-05 3.75078e-05 2.99713e-05 2.07184e-05 0 0 0 0 0 0 0 0 0 0 0 0 0 0 0 0 0 0 0 0 0 0 0 0 0 0 0 0 0 0 0 0 0 0 0 0 0 0 0 0 0 0 0 0 0 0 0 0 0 0 0 0 0 0 0 0 0 0 0 0 0 0 0 0 0 0 0 0 0 0 0 0 0 0 0 0 0 0 0 0 0 0 0 0 0  
   0.000163544 7.96382e-05 5.15745e-05 4.35578e-05 2.3657e-05 3.26035e-05 2.59378e-05 1.18327e-05 5.85657e-06 1.49943e-05 2.65839e-05 1.93658e-05 1.22411e-05 6.38225e-06 1.02049e-05 2.16852e-05 1.73773e-05 1.16747e-05 5.12952e-06 8.17347e-06 1.76974e-05 1.56278e-05 1.0728e-05 8.55863e-06 1.22425e-05 2.33984e-05 2.15935e-05 1.48134e-05 7.78836e-06 1.33724e-05 2.11981e-05 2.54621e-05 1.78971e-05 1.25999e-05 9.34089e-06 2.16523e-05 2.9541e-05 2.36053e-05 1.63177e-05 0 0 0 0 0 0 0 0 0 0 0 0 0 0 0 0 0 0 0 0 0 0 0 0 0 0 0 0 0 0 0 0 0 0 0 0 0 0 0 0 0 0 0 0 0 0 0 0 0 0 0 0 0 0 0 0 0 0 0 0 0 0 0 0 0 0 0 0 0 0 0 0 0 0 0 0 0 0 0 0 0 0 0 0 0  
   7.53618e-05 3.66977e-05 2.37658e-05 2.00716e-05 1.09013e-05 1.50239e-05 1.18327e-05 5.50766e-06 2.69874e-06 6.90943e-06 1.225e-05 8.92384e-06 5.64077e-06 2.94097e-06 4.70246e-06 9.99264e-06 8.00755e-06 5.37977e-06 2.36371e-06 3.76637e-06 8.15503e-06 7.20134e-06 4.94353e-06 3.94385e-06 5.6414e-06 1.07821e-05 9.9504e-06 6.82607e-06 3.58891e-06 6.16207e-06 9.7682e-06 1.1733e-05 8.24704e-06 5.80611e-06 4.30432e-06 9.97749e-06 1.36126e-05 1.08774e-05 7.51929e-06 0 0 0 0 0 0 0 0 0 0 0 0 0 0 0 0 0 0 0 0 0 0 0 0 0 0 0 0 0 0 0 0 0 0 0 0 0 0 0 0 0 0 0 0 0 0 0 0 0 0 0 0 0 0 0 0 0 0 0 0 0 0 0 0 0 0 0 0 0 0 0 0 0 0 0 0 0 0 0 0 0 0 0 0 0  
   3.73001e-05 1.81634e-05 1.17628e-05 9.93437e-06 5.39554e-06 7.436e-06 5.85657e-06 2.69874e-06 1.34922e-06 3.4198e-06 6.06308e-06 4.41682e-06 2.79188e-06 1.45562e-06 2.32746e-06 4.94582e-06 3.96331e-06 2.6627e-06 1.16991e-06 1.86415e-06 4.0363e-06 3.56428e-06 2.44678e-06 1.952e-06 2.79219e-06 5.33655e-06 4.92491e-06 3.37854e-06 1.77632e-06 3.04989e-06 4.83473e-06 5.80722e-06 4.08184e-06 2.87371e-06 2.13041e-06 4.93832e-06 6.73752e-06 5.38374e-06 3.72165e-06 0 0 0 0 0 0 0 0 0 0 0 0 0 0 0 0 0 0 0 0 0 0 0 0 0 0 0 0 0 0 0 0 0 0 0 0 0 0 0 0 0 0 0 0 0 0 0 0 0 0 0 0 0 0 0 0 0 0 0 0 0 0 0 0 0 0 0 0 0 0 0 0 0 0 0 0 0 0 0 0 0 0 0 0 0  
   9.54973e-05 4.65027e-05 3.01156e-05 2.54344e-05 1.38139e-05 1.9038e-05 1.49943e-05 6.90943e-06 3.4198e-06 8.84396e-06 1.5523e-05 1.13082e-05 7.1479e-06 3.72675e-06 5.95888e-06 1.26625e-05 1.0147e-05 6.81716e-06 2.99525e-06 4.77269e-06 1.03339e-05 9.12542e-06 6.26437e-06 4.99759e-06 7.1487e-06 1.36629e-05 1.2609e-05 8.64989e-06 4.54781e-06 7.80848e-06 1.23781e-05 1.48679e-05 1.04505e-05 7.35741e-06 5.45437e-06 1.26433e-05 1.72497e-05 1.37837e-05 9.52833e-06 0 0 0 0 0 0 0 0 0 0 0 0 0 0 0 0 0 0 0 0 0 0 0 0 0 0 0 0 0 0 0 0 0 0 0 0 0 0 0 0 0 0 0 0 0 0 0 0 0 0 0 0 0 0 0 0 0 0 0 0 0 0 0 0 0 0 0 0 0 0 0 0 0 0 0 0 0 0 0 0 0 0 0 0 0  
   0.000169311 8.24463e-05 5.33931e-05 4.50936e-05 2.44912e-05 3.37532e-05 2.65839e-05 1.225e-05 6.06308e-06 1.5523e-05 2.77993e-05 2.00486e-05 1.26728e-05 6.6073e-06 1.05647e-05 2.24498e-05 1.79901e-05 1.20864e-05 5.31039e-06 8.46167e-06 1.83214e-05 1.61788e-05 1.11063e-05 8.86041e-06 1.26742e-05 2.42234e-05 2.23549e-05 1.53357e-05 8.06299e-06 1.38439e-05 2.19456e-05 2.63599e-05 1.85281e-05 1.30442e-05 9.67026e-06 2.24158e-05 3.05827e-05 2.44376e-05 1.68931e-05 0 0 0 0 0 0 0 0 0 0 0 0 0 0 0 0 0 0 0 0 0 0 0 0 0 0 0 0 0 0 0 0 0 0 0 0 0 0 0 0 0 0 0 0 0 0 0 0 0 0 0 0 0 0 0 0 0 0 0 0 0 0 0 0 0 0 0 0 0 0 0 0 0 0 0 0 0 0 0 0 0 0 0 0 0  
   0.000123339 6.00603e-05 3.88957e-05 3.28497e-05 1.78413e-05 2.45884e-05 1.93658e-05 8.92384e-06 4.41682e-06 1.13082e-05 2.00486e-05 1.47525e-05 9.23184e-06 4.81327e-06 7.69617e-06 1.63542e-05 1.31054e-05 8.80467e-06 3.8685e-06 6.16414e-06 1.33467e-05 1.17859e-05 8.09071e-06 6.45461e-06 9.23287e-06 1.76462e-05 1.62851e-05 1.11717e-05 5.87371e-06 1.0085e-05 1.59869e-05 1.92026e-05 1.34973e-05 9.50243e-06 7.04457e-06 1.63294e-05 2.22788e-05 1.78023e-05 1.23063e-05 0 0 0 0 0 0 0 0 0 0 0 0 0 0 0 0 0 0 0 0 0 0 0 0 0 0 0 0 0 0 0 0 0 0 0 0 0 0 0 0 0 0 0 0 0 0 0 0 0 0 0 0 0 0 0 0 0 0 0 0 0 0 0 0 0 0 0 0 0 0 0 0 0 0 0 0 0 0 0 0 0 0 0 0 0  
   7.79629e-05 3.79643e-05 2.4586e-05 2.07644e-05 1.12775e-05 1.55424e-05 1.22411e-05 5.64077e-06 2.79188e-06 7.1479e-06 1.26728e-05 9.23184e-06 5.89441e-06 3.04248e-06 4.86476e-06 1.03375e-05 8.28392e-06 5.56545e-06 2.44529e-06 3.89637e-06 8.4365e-06 7.44989e-06 5.11415e-06 4.07997e-06 5.83611e-06 1.11542e-05 1.02938e-05 7.06166e-06 3.71278e-06 6.37475e-06 1.01053e-05 1.2138e-05 8.53168e-06 6.0065e-06 4.45289e-06 1.03219e-05 1.40825e-05 1.12529e-05 7.77881e-06 0 0 0 0 0 0 0 0 0 0 0 0 0 0 0 0 0 0 0 0 0 0 0 0 0 0 0 0 0 0 0 0 0 0 0 0 0 0 0 0 0 0 0 0 0 0 0 0 0 0 0 0 0 0 0 0 0 0 0 0 0 0 0 0 0 0 0 0 0 0 0 0 0 0 0 0 0 0 0 0 0 0 0 0 0  
   4.06481e-05 1.97937e-05 1.28186e-05 1.08261e-05 5.87984e-06 8.10345e-06 6.38225e-06 2.94097e-06 1.45562e-06 3.72675e-06 6.6073e-06 4.81327e-06 3.04248e-06 1.6023e-06 2.53637e-06 5.38975e-06 4.31905e-06 2.9017e-06 1.27492e-06 2.03148e-06 4.3986e-06 3.8842e-06 2.6664e-06 2.1272e-06 3.04281e-06 5.81555e-06 5.36697e-06 3.68179e-06 1.93576e-06 3.32365e-06 5.26869e-06 6.32847e-06 4.44822e-06 3.13165e-06 2.32163e-06 5.38158e-06 7.34227e-06 5.86698e-06 4.0557e-06 0 0 0 0 0 0 0 0 0 0 0 0 0 0 0 0 0 0 0 0 0 0 0 0 0 0 0 0 0 0 0 0 0 0 0 0 0 0 0 0 0 0 0 0 0 0 0 0 0 0 0 0 0 0 0 0 0 0 0 0 0 0 0 0 0 0 0 0 0 0 0 0 0 0 0 0 0 0 0 0 0 0 0 0 0  
   6.49941e-05 3.16491e-05 2.04963e-05 1.73103e-05 9.40155e-06 1.2957e-05 1.02049e-05 4.70246e-06 2.32746e-06 5.95888e-06 1.05647e-05 7.69617e-06 4.86476e-06 2.53637e-06 4.0965e-06 8.61793e-06 6.90593e-06 4.63966e-06 2.03853e-06 3.24822e-06 7.03313e-06 6.21063e-06 4.26344e-06 3.40129e-06 4.8653e-06 9.29876e-06 8.5815e-06 5.88699e-06 3.09518e-06 5.31434e-06 8.42436e-06 1.01189e-05 7.11248e-06 5.00735e-06 3.71217e-06 8.60486e-06 1.17399e-05 9.38099e-06 6.48484e-06 0 0 0 0 0 0 0 0 0 0 0 0 0 0 0 0 0 0 0 0 0 0 0 0 0 0 0 0 0 0 0 0 0 0 0 0 0 0 0 0 0 0 0 0 0 0 0 0 0 0 0 0 0 0 0 0 0 0 0 0 0 0 0 0 0 0 0 0 0 0 0 0 0 0 0 0 0 0 0 0 0 0 0 0 0  
   0.000138111 6.72537e-05 4.35542e-05 3.67841e-05 1.99781e-05 2.75334e-05 2.16852e-05 9.99264e-06 4.94582e-06 1.26625e-05 2.24498e-05 1.63542e-05 1.03375e-05 5.38975e-06 8.61793e-06 1.84979e-05 1.4675e-05 9.85919e-06 4.33183e-06 6.90241e-06 1.49453e-05 1.31975e-05 9.05973e-06 7.22768e-06 1.03387e-05 1.97597e-05 1.82355e-05 1.25097e-05 6.57719e-06 1.12929e-05 1.79016e-05 2.15024e-05 1.51139e-05 1.06405e-05 7.88829e-06 1.82852e-05 2.49471e-05 1.99344e-05 1.37802e-05 0 0 0 0 0 0 0 0 0 0 0 0 0 0 0 0 0 0 0 0 0 0 0 0 0 0 0 0 0 0 0 0 0 0 0 0 0 0 0 0 0 0 0 0 0 0 0 0 0 0 0 0 0 0 0 0 0 0 0 0 0 0 0 0 0 0 0 0 0 0 0 0 0 0 0 0 0 0 0 0 0 0 0 0 0  
   0.000110675 5.38934e-05 3.49019e-05 2.94767e-05 1.60094e-05 2.20637e-05 1.73773e-05 8.00755e-06 3.96331e-06 1.0147e-05 1.79901e-05 1.31054e-05 8.28392e-06 4.31905e-06 6.90593e-06 1.4675e-05 1.18785e-05 7.90061e-06 3.47129e-06 5.53121e-06 1.19763e-05 1.05757e-05 7.25997e-06 5.79186e-06 8.28484e-06 1.58343e-05 1.46129e-05 1.00246e-05 5.2706e-06 9.04949e-06 1.43454e-05 1.72309e-05 1.21114e-05 8.52672e-06 6.32124e-06 1.46527e-05 1.99912e-05 1.59744e-05 1.10427e-05 0 0 0 0 0 0 0 0 0 0 0 0 0 0 0 0 0 0 0 0 0 0 0 0 0 0 0 0 0 0 0 0 0 0 0 0 0 0 0 0 0 0 0 0 0 0 0 0 0 0 0 0 0 0 0 0 0 0 0 0 0 0 0 0 0 0 0 0 0 0 0 0 0 0 0 0 0 0 0 0 0 0 0 0 0  
   7.43554e-05 3.62076e-05 2.34484e-05 1.98036e-05 1.07557e-05 1.48232e-05 1.16747e-05 5.37977e-06 2.6627e-06 6.81716e-06 1.20864e-05 8.80467e-06 5.56545e-06 2.9017e-06 4.63966e-06 9.85919e-06 7.90061e-06 5.36154e-06 2.33214e-06 3.71607e-06 8.04613e-06 7.10517e-06 4.87751e-06 3.89119e-06 5.56607e-06 1.06381e-05 9.81752e-06 6.73491e-06 3.54099e-06 6.07978e-06 9.63775e-06 1.15763e-05 8.13691e-06 5.72857e-06 4.24684e-06 9.84425e-06 1.34308e-05 1.07322e-05 7.41888e-06 0 0 0 0 0 0 0 0 0 0 0 0 0 0 0 0 0 0 0 0 0 0 0 0 0 0 0 0 0 0 0 0 0 0 0 0 0 0 0 0 0 0 0 0 0 0 0 0 0 0 0 0 0 0 0 0 0 0 0 0 0 0 0 0 0 0 0 0 0 0 0 0 0 0 0 0 0 0 0 0 0 0 0 0 0  
   3.26695e-05 1.59085e-05 1.03025e-05 8.70108e-06 4.72572e-06 6.51287e-06 5.12952e-06 2.36371e-06 1.16991e-06 2.99525e-06 5.31039e-06 3.8685e-06 2.44529e-06 1.27492e-06 2.03853e-06 4.33183e-06 3.47129e-06 2.33214e-06 1.03502e-06 1.63273e-06 3.53522e-06 3.12179e-06 2.14303e-06 1.70967e-06 2.44556e-06 4.67405e-06 4.31352e-06 2.95911e-06 1.5558e-06 2.67127e-06 4.23453e-06 5.08629e-06 3.57511e-06 2.51696e-06 1.86593e-06 4.32526e-06 5.90111e-06 4.71538e-06 3.25963e-06 0 0 0 0 0 0 0 0 0 0 0 0 0 0 0 0 0 0 0 0 0 0 0 0 0 0 0 0 0 0 0 0 0 0 0 0 0 0 0 0 0 0 0 0 0 0 0 0 0 0 0 0 0 0 0 0 0 0 0 0 0 0 0 0 0 0 0 0 0 0 0 0 0 0 0 0 0 0 0 0 0 0 0 0 0  
   5.20562e-05 2.53489e-05 1.64162e-05 1.38645e-05 7.53005e-06 1.03777e-05 8.17347e-06 3.76637e-06 1.86415e-06 4.77269e-06 8.46167e-06 6.16414e-06 3.89637e-06 2.03148e-06 3.24822e-06 6.90241e-06 5.53121e-06 3.71607e-06 1.63273e-06 2.6279e-06 5.63309e-06 4.97432e-06 3.41474e-06 2.72422e-06 3.8968e-06 7.44772e-06 6.87324e-06 4.71511e-06 2.47904e-06 4.25645e-06 6.74738e-06 8.10459e-06 5.69664e-06 4.01057e-06 2.97321e-06 6.89195e-06 9.40293e-06 7.51358e-06 5.19395e-06 0 0 0 0 0 0 0 0 0 0 0 0 0 0 0 0 0 0 0 0 0 0 0 0 0 0 0 0 0 0 0 0 0 0 0 0 0 0 0 0 0 0 0 0 0 0 0 0 0 0 0 0 0 0 0 0 0 0 0 0 0 0 0 0 0 0 0 0 0 0 0 0 0 0 0 0 0 0 0 0 0 0 0 0 0  
   0.000112713 5.4886e-05 3.55448e-05 3.00197e-05 1.63042e-05 2.24701e-05 1.76974e-05 8.15503e-06 4.0363e-06 1.03339e-05 1.83214e-05 1.33467e-05 8.4365e-06 4.3986e-06 7.03313e-06 1.49453e-05 1.19763e-05 8.04613e-06 3.53522e-06 5.63309e-06 1.23201e-05 1.07705e-05 7.39368e-06 5.89854e-06 8.43744e-06 1.6126e-05 1.48821e-05 1.02093e-05 5.36768e-06 9.21616e-06 1.46096e-05 1.75482e-05 1.23345e-05 8.68378e-06 6.43767e-06 1.49226e-05 2.03594e-05 1.62686e-05 1.12461e-05 0 0 0 0 0 0 0 0 0 0 0 0 0 0 0 0 0 0 0 0 0 0 0 0 0 0 0 0 0 0 0 0 0 0 0 0 0 0 0 0 0 0 0 0 0 0 0 0 0 0 0 0 0 0 0 0 0 0 0 0 0 0 0 0 0 0 0 0 0 0 0 0 0 0 0 0 0 0 0 0 0 0 0 0 0  
   9.95319e-05 4.84673e-05 3.13879e-05 2.6509e-05 1.43975e-05 1.98423e-05 1.56278e-05 7.20134e-06 3.56428e-06 9.12542e-06 1.61788e-05 1.17859e-05 7.44989e-06 3.8842e-06 6.21063e-06 1.31975e-05 1.05757e-05 7.10517e-06 3.12179e-06 4.97432e-06 1.07705e-05 9.60702e-06 6.52902e-06 5.20873e-06 7.45072e-06 1.42401e-05 1.31417e-05 9.01533e-06 4.73995e-06 8.13837e-06 1.29011e-05 1.54961e-05 1.0892e-05 7.66824e-06 5.68481e-06 1.31775e-05 1.79785e-05 1.4366e-05 9.93088e-06 0 0 0 0 0 0 0 0 0 0 0 0 0 0 0 0 0 0 0 0 0 0 0 0 0 0 0 0 0 0 0 0 0 0 0 0 0 0 0 0 0 0 0 0 0 0 0 0 0 0 0 0 0 0 0 0 0 0 0 0 0 0 0 0 0 0 0 0 0 0 0 0 0 0 0 0 0 0 0 0 0 0 0 0 0  
   6.83261e-05 3.32716e-05 2.1547e-05 1.81977e-05 9.88352e-06 1.36212e-05 1.0728e-05 4.94353e-06 2.44678e-06 6.26437e-06 1.11063e-05 8.09071e-06 5.11415e-06 2.6664e-06 4.26344e-06 9.05973e-06 7.25997e-06 4.87751e-06 2.14303e-06 3.41474e-06 7.39368e-06 6.52902e-06 4.52728e-06 3.57566e-06 5.11472e-06 9.77546e-06 9.02143e-06 6.18879e-06 3.25385e-06 5.58678e-06 8.85624e-06 1.06376e-05 7.4771e-06 5.26405e-06 3.90247e-06 9.04599e-06 1.23418e-05 9.86191e-06 6.81729e-06 0 0 0 0 0 0 0 0 0 0 0 0 0 0 0 0 0 0 0 0 0 0 0 0 0 0 0 0 0 0 0 0 0 0 0 0 0 0 0 0 0 0 0 0 0 0 0 0 0 0 0 0 0 0 0 0 0 0 0 0 0 0 0 0 0 0 0 0 0 0 0 0 0 0 0 0 0 0 0 0 0 0 0 0 0  
   5.45092e-05 2.65434e-05 1.71898e-05 1.45178e-05 7.88488e-06 1.08668e-05 8.55863e-06 3.94385e-06 1.952e-06 4.99759e-06 8.86041e-06 6.45461e-06 4.07997e-06 2.1272e-06 3.40129e-06 7.22768e-06 5.79186e-06 3.89119e-06 1.70967e-06 2.72422e-06 5.89854e-06 5.20873e-06 3.57566e-06 2.8814e-06 4.08043e-06 7.79867e-06 7.19712e-06 4.9373e-06 2.59586e-06 4.45703e-06 7.06534e-06 8.4865e-06 5.96509e-06 4.19956e-06 3.11332e-06 7.21672e-06 9.84602e-06 7.86764e-06 5.4387e-06 0 0 0 0 0 0 0 0 0 0 0 0 0 0 0 0 0 0 0 0 0 0 0 0 0 0 0 0 0 0 0 0 0 0 0 0 0 0 0 0 0 0 0 0 0 0 0 0 0 0 0 0 0 0 0 0 0 0 0 0 0 0 0 0 0 0 0 0 0 0 0 0 0 0 0 0 0 0 0 0 0 0 0 0 0  
   7.79716e-05 3.79685e-05 2.45888e-05 2.07667e-05 1.12788e-05 1.55441e-05 1.22425e-05 5.6414e-06 2.79219e-06 7.1487e-06 1.26742e-05 9.23287e-06 5.83611e-06 3.04281e-06 4.8653e-06 1.03387e-05 8.28484e-06 5.56607e-06 2.44556e-06 3.8968e-06 8.43744e-06 7.45072e-06 5.11472e-06 4.08043e-06 5.89572e-06 1.11554e-05 1.0295e-05 7.06245e-06 3.71319e-06 6.37546e-06 1.01065e-05 1.21393e-05 8.53263e-06 6.00717e-06 4.45338e-06 1.0323e-05 1.4084e-05 1.12541e-05 7.77968e-06 0 0 0 0 0 0 0 0 0 0 0 0 0 0 0 0 0 0 0 0 0 0 0 0 0 0 0 0 0 0 0 0 0 0 0 0 0 0 0 0 0 0 0 0 0 0 0 0 0 0 0 0 0 0 0 0 0 0 0 0 0 0 0 0 0 0 0 0 0 0 0 0 0 0 0 0 0 0 0 0 0 0 0 0 0  
   0.000149022 7.25669e-05 4.6995e-05 3.96901e-05 2.15564e-05 2.97085e-05 2.33984e-05 1.07821e-05 5.33655e-06 1.36629e-05 2.42234e-05 1.76462e-05 1.11542e-05 5.81555e-06 9.29876e-06 1.97597e-05 1.58343e-05 1.06381e-05 4.67405e-06 7.44772e-06 1.6126e-05 1.42401e-05 9.77546e-06 7.79867e-06 1.11554e-05 2.15361e-05 1.96762e-05 1.3498e-05 7.0968e-06 1.2185e-05 1.93159e-05 2.32012e-05 1.63079e-05 1.14811e-05 8.51148e-06 1.97297e-05 2.6918e-05 2.15093e-05 1.48688e-05 0 0 0 0 0 0 0 0 0 0 0 0 0 0 0 0 0 0 0 0 0 0 0 0 0 0 0 0 0 0 0 0 0 0 0 0 0 0 0 0 0 0 0 0 0 0 0 0 0 0 0 0 0 0 0 0 0 0 0 0 0 0 0 0 0 0 0 0 0 0 0 0 0 0 0 0 0 0 0 0 0 0 0 0 0  
   0.000137528 6.69694e-05 4.33701e-05 3.66286e-05 1.98937e-05 2.7417e-05 2.15935e-05 9.9504e-06 4.92491e-06 1.2609e-05 2.23549e-05 1.62851e-05 1.02938e-05 5.36697e-06 8.5815e-06 1.82355e-05 1.46129e-05 9.81752e-06 4.31352e-06 6.87324e-06 1.48821e-05 1.31417e-05 9.02143e-06 7.19712e-06 1.0295e-05 1.96762e-05 1.83419e-05 1.24569e-05 6.54939e-06 1.12451e-05 1.78259e-05 2.14116e-05 1.505e-05 1.05955e-05 7.85495e-06 1.82079e-05 2.48416e-05 1.98502e-05 1.37219e-05 0 0 0 0 0 0 0 0 0 0 0 0 0 0 0 0 0 0 0 0 0 0 0 0 0 0 0 0 0 0 0 0 0 0 0 0 0 0 0 0 0 0 0 0 0 0 0 0 0 0 0 0 0 0 0 0 0 0 0 0 0 0 0 0 0 0 0 0 0 0 0 0 0 0 0 0 0 0 0 0 0 0 0 0 0  
   9.43452e-05 4.59417e-05 2.97523e-05 2.51276e-05 1.36472e-05 1.88083e-05 1.48134e-05 6.82607e-06 3.37854e-06 8.64989e-06 1.53357e-05 1.11717e-05 7.06166e-06 3.68179e-06 5.88699e-06 1.25097e-05 1.00246e-05 6.73491e-06 2.95911e-06 4.71511e-06 1.02093e-05 9.01533e-06 6.18879e-06 4.9373e-06 7.06245e-06 1.3498e-05 1.24569e-05 8.63184e-06 4.49295e-06 7.71427e-06 1.22288e-05 1.46885e-05 1.03244e-05 7.26864e-06 5.38857e-06 1.24908e-05 1.70416e-05 1.36174e-05 9.41337e-06 0 0 0 0 0 0 0 0 0 0 0 0 0 0 0 0 0 0 0 0 0 0 0 0 0 0 0 0 0 0 0 0 0 0 0 0 0 0 0 0 0 0 0 0 0 0 0 0 0 0 0 0 0 0 0 0 0 0 0 0 0 0 0 0 0 0 0 0 0 0 0 0 0 0 0 0 0 0 0 0 0 0 0 0 0  
   4.96035e-05 2.41546e-05 1.56427e-05 1.32112e-05 7.17526e-06 9.88876e-06 7.78836e-06 3.58891e-06 1.77632e-06 4.54781e-06 8.06299e-06 5.87371e-06 3.71278e-06 1.93576e-06 3.09518e-06 6.57719e-06 5.2706e-06 3.54099e-06 1.5558e-06 2.47904e-06 5.36768e-06 4.73995e-06 3.25385e-06 2.59586e-06 3.71319e-06 7.0968e-06 6.54939e-06 4.49295e-06 2.3861e-06 4.0559e-06 6.42947e-06 7.72273e-06 5.42824e-06 3.8216e-06 2.83312e-06 6.56722e-06 8.95989e-06 7.15956e-06 4.94923e-06 0 0 0 0 0 0 0 0 0 0 0 0 0 0 0 0 0 0 0 0 0 0 0 0 0 0 0 0 0 0 0 0 0 0 0 0 0 0 0 0 0 0 0 0 0 0 0 0 0 0 0 0 0 0 0 0 0 0 0 0 0 0 0 0 0 0 0 0 0 0 0 0 0 0 0 0 0 0 0 0 0 0 0 0 0  
   8.51679e-05 4.14727e-05 2.68582e-05 2.26833e-05 1.23197e-05 1.69787e-05 1.33724e-05 6.16207e-06 3.04989e-06 7.80848e-06 1.38439e-05 1.0085e-05 6.37475e-06 3.32365e-06 5.31434e-06 1.12929e-05 9.04949e-06 6.07978e-06 2.67127e-06 4.25645e-06 9.21616e-06 8.13837e-06 5.58678e-06 4.45703e-06 6.37546e-06 1.2185e-05 1.12451e-05 7.71427e-06 4.0559e-06 7.03422e-06 1.10392e-05 1.32597e-05 9.32014e-06 6.56159e-06 4.8644e-06 1.12758e-05 1.53839e-05 1.22928e-05 8.4977e-06 0 0 0 0 0 0 0 0 0 0 0 0 0 0 0 0 0 0 0 0 0 0 0 0 0 0 0 0 0 0 0 0 0 0 0 0 0 0 0 0 0 0 0 0 0 0 0 0 0 0 0 0 0 0 0 0 0 0 0 0 0 0 0 0 0 0 0 0 0 0 0 0 0 0 0 0 0 0 0 0 0 0 0 0 0  
   0.000135009 6.57432e-05 4.25759e-05 3.59579e-05 1.95294e-05 2.69149e-05 2.11981e-05 9.7682e-06 4.83473e-06 1.23781e-05 2.19456e-05 1.59869e-05 1.01053e-05 5.26869e-06 8.42436e-06 1.79016e-05 1.43454e-05 9.63775e-06 4.23453e-06 6.74738e-06 1.46096e-05 1.29011e-05 8.85624e-06 7.06534e-06 1.01065e-05 1.93159e-05 1.78259e-05 1.22288e-05 6.42947e-06 1.10392e-05 1.76763e-05 2.10195e-05 1.47744e-05 1.04015e-05 7.71112e-06 1.78745e-05 2.43868e-05 1.94867e-05 1.34707e-05 0 0 0 0 0 0 0 0 0 0 0 0 0 0 0 0 0 0 0 0 0 0 0 0 0 0 0 0 0 0 0 0 0 0 0 0 0 0 0 0 0 0 0 0 0 0 0 0 0 0 0 0 0 0 0 0 0 0 0 0 0 0 0 0 0 0 0 0 0 0 0 0 0 0 0 0 0 0 0 0 0 0 0 0 0  
   0.000162166 7.89671e-05 5.11399e-05 4.31907e-05 2.34577e-05 3.23288e-05 2.54621e-05 1.1733e-05 5.80722e-06 1.48679e-05 2.63599e-05 1.92026e-05 1.2138e-05 6.32847e-06 1.01189e-05 2.15024e-05 1.72309e-05 1.15763e-05 5.08629e-06 8.10459e-06 1.75482e-05 1.54961e-05 1.06376e-05 8.4865e-06 1.21393e-05 2.32012e-05 2.14116e-05 1.46885e-05 7.72273e-06 1.32597e-05 2.10195e-05 2.55025e-05 1.77462e-05 1.24938e-05 9.26217e-06 2.14699e-05 2.92921e-05 2.34064e-05 1.61802e-05 0 0 0 0 0 0 0 0 0 0 0 0 0 0 0 0 0 0 0 0 0 0 0 0 0 0 0 0 0 0 0 0 0 0 0 0 0 0 0 0 0 0 0 0 0 0 0 0 0 0 0 0 0 0 0 0 0 0 0 0 0 0 0 0 0 0 0 0 0 0 0 0 0 0 0 0 0 0 0 0 0 0 0 0 0  
   0.000113985 5.55053e-05 3.59458e-05 3.03583e-05 1.64882e-05 2.27236e-05 1.78971e-05 8.24704e-06 4.08184e-06 1.04505e-05 1.85281e-05 1.34973e-05 8.53168e-06 4.44822e-06 7.11248e-06 1.51139e-05 1.21114e-05 8.13691e-06 3.57511e-06 5.69664e-06 1.23345e-05 1.0892e-05 7.4771e-06 5.96509e-06 8.53263e-06 1.63079e-05 1.505e-05 1.03244e-05 5.42824e-06 9.32014e-06 1.47744e-05 1.77462e-05 1.25997e-05 8.78175e-06 6.5103e-06 1.5091e-05 2.05891e-05 1.64521e-05 1.13729e-05 0 0 0 0 0 0 0 0 0 0 0 0 0 0 0 0 0 0 0 0 0 0 0 0 0 0 0 0 0 0 0 0 0 0 0 0 0 0 0 0 0 0 0 0 0 0 0 0 0 0 0 0 0 0 0 0 0 0 0 0 0 0 0 0 0 0 0 0 0 0 0 0 0 0 0 0 0 0 0 0 0 0 0 0 0  
   8.0248e-05 3.9077e-05 2.53066e-05 2.1373e-05 1.16081e-05 1.59979e-05 1.25999e-05 5.80611e-06 2.87371e-06 7.35741e-06 1.30442e-05 9.50243e-06 6.0065e-06 3.13165e-06 5.00735e-06 1.06405e-05 8.52672e-06 5.72857e-06 2.51696e-06 4.01057e-06 8.68378e-06 7.66824e-06 5.26405e-06 4.19956e-06 6.00717e-06 1.14811e-05 1.05955e-05 7.26864e-06 3.8216e-06 6.56159e-06 1.04015e-05 1.24938e-05 8.78175e-06 6.245e-06 4.5834e-06 1.06244e-05 1.44952e-05 1.15827e-05 8.00681e-06 0 0 0 0 0 0 0 0 0 0 0 0 0 0 0 0 0 0 0 0 0 0 0 0 0 0 0 0 0 0 0 0 0 0 0 0 0 0 0 0 0 0 0 0 0 0 0 0 0 0 0 0 0 0 0 0 0 0 0 0 0 0 0 0 0 0 0 0 0 0 0 0 0 0 0 0 0 0 0 0 0 0 0 0 0  
   5.94914e-05 2.89695e-05 1.87609e-05 1.58447e-05 8.60557e-06 1.186e-05 9.34089e-06 4.30432e-06 2.13041e-06 5.45437e-06 9.67026e-06 7.04457e-06 4.45289e-06 2.32163e-06 3.71217e-06 7.88829e-06 6.32124e-06 4.24684e-06 1.86593e-06 2.97321e-06 6.43767e-06 5.68481e-06 3.90247e-06 3.11332e-06 4.45338e-06 8.51148e-06 7.85495e-06 5.38857e-06 2.83312e-06 4.8644e-06 7.71112e-06 9.26217e-06 6.5103e-06 4.5834e-06 3.4322e-06 7.87633e-06 1.0746e-05 8.58675e-06 5.93581e-06 0 0 0 0 0 0 0 0 0 0 0 0 0 0 0 0 0 0 0 0 0 0 0 0 0 0 0 0 0 0 0 0 0 0 0 0 0 0 0 0 0 0 0 0 0 0 0 0 0 0 0 0 0 0 0 0 0 0 0 0 0 0 0 0 0 0 0 0 0 0 0 0 0 0 0 0 0 0 0 0 0 0 0 0 0  
   0.000137902 6.71517e-05 4.34881e-05 3.67283e-05 1.99478e-05 2.74916e-05 2.16523e-05 9.97749e-06 4.93832e-06 1.26433e-05 2.24158e-05 1.63294e-05 1.03219e-05 5.38158e-06 8.60486e-06 1.82852e-05 1.46527e-05 9.84425e-06 4.32526e-06 6.89195e-06 1.49226e-05 1.31775e-05 9.04599e-06 7.21672e-06 1.0323e-05 1.97297e-05 1.82079e-05 1.24908e-05 6.56722e-06 1.12758e-05 1.78745e-05 2.14699e-05 1.5091e-05 1.06244e-05 7.87633e-06 1.84419e-05 2.49093e-05 1.99042e-05 1.37593e-05 0 0 0 0 0 0 0 0 0 0 0 0 0 0 0 0 0 0 0 0 0 0 0 0 0 0 0 0 0 0 0 0 0 0 0 0 0 0 0 0 0 0 0 0 0 0 0 0 0 0 0 0 0 0 0 0 0 0 0 0 0 0 0 0 0 0 0 0 0 0 0 0 0 0 0 0 0 0 0 0 0 0 0 0 0  
   0.000188144 9.16175e-05 5.93324e-05 5.01097e-05 2.72155e-05 3.75078e-05 2.9541e-05 1.36126e-05 6.73752e-06 1.72497e-05 3.05827e-05 2.22788e-05 1.40825e-05 7.34227e-06 1.17399e-05 2.49471e-05 1.99912e-05 1.34308e-05 5.90111e-06 9.40293e-06 2.03594e-05 1.79785e-05 1.23418e-05 9.84602e-06 1.4084e-05 2.6918e-05 2.48416e-05 1.70416e-05 8.95989e-06 1.53839e-05 2.43868e-05 2.92921e-05 2.05891e-05 1.44952e-05 1.0746e-05 2.49093e-05 3.43279e-05 2.7156e-05 1.87723e-05 0 0 0 0 0 0 0 0 0 0 0 0 0 0 0 0 0 0 0 0 0 0 0 0 0 0 0 0 0 0 0 0 0 0 0 0 0 0 0 0 0 0 0 0 0 0 0 0 0 0 0 0 0 0 0 0 0 0 0 0 0 0 0 0 0 0 0 0 0 0 0 0 0 0 0 0 0 0 0 0 0 0 0 0 0  
   0.00015034 7.32086e-05 4.74106e-05 4.00411e-05 2.17471e-05 2.99713e-05 2.36053e-05 1.08774e-05 5.38374e-06 1.37837e-05 2.44376e-05 1.78023e-05 1.12529e-05 5.86698e-06 9.38099e-06 1.99344e-05 1.59744e-05 1.07322e-05 4.71538e-06 7.51358e-06 1.62686e-05 1.4366e-05 9.86191e-06 7.86764e-06 1.12541e-05 2.15093e-05 1.98502e-05 1.36174e-05 7.15956e-06 1.22928e-05 1.94867e-05 2.34064e-05 1.64521e-05 1.15827e-05 8.58675e-06 1.99042e-05 2.7156e-05 2.19187e-05 1.50003e-05 0 0 0 0 0 0 0 0 0 0 0 0 0 0 0 0 0 0 0 0 0 0 0 0 0 0 0 0 0 0 0 0 0 0 0 0 0 0 0 0 0 0 0 0 0 0 0 0 0 0 0 0 0 0 0 0 0 0 0 0 0 0 0 0 0 0 0 0 0 0 0 0 0 0 0 0 0 0 0 0 0 0 0 0 0  
   0.000103926 5.06073e-05 3.27738e-05 2.76794e-05 1.50332e-05 2.07184e-05 1.63177e-05 7.51929e-06 3.72165e-06 9.52833e-06 1.68931e-05 1.23063e-05 7.77881e-06 4.0557e-06 6.48484e-06 1.37802e-05 1.10427e-05 7.41888e-06 3.25963e-06 5.19395e-06 1.12461e-05 9.93088e-06 6.81729e-06 5.4387e-06 7.77968e-06 1.48688e-05 1.37219e-05 9.41337e-06 4.94923e-06 8.4977e-06 1.34707e-05 1.61802e-05 1.13729e-05 8.00681e-06 5.93581e-06 1.37593e-05 1.87723e-05 1.50003e-05 1.04741e-05 0 0 0 0 0 0 0 0 0 0 0 0 0 0 0 0 0 0 0 0 0 0 0 0 0 0 0 0 0 0 0 0 0 0 0 0 0 0 0 0 0 0 0 0 0 0 0 0 0 0 0 0 0 0 0 0 0 0 0 0 0 0 0 0 0 0 0 0 0 0 0 0 0 0 0 0 0 0 0 0 0 0 0 0 0  
   0 0 0 0 0 0 0 0 0 0 0 0 0 0 0 0 0 0 0 0 0 0 0 0 0 0 0 0 0 0 0 0 0 0 0 0 0 0 0 6.00036e-07 1.83363e-06 2.37664e-06 2.92117e-06 3.28805e-07 9.57181e-07 1.41348e-06 1.473e-06 1.41191e-06 2.11128e-07 5.21252e-07 8.3442e-07 8.79113e-07 7.64757e-07 2.75768e-06 9.55141e-08 2.95457e-07 5.32594e-07 6.0468e-07 5.22624e-07 1.58274e-06 6.63407e-08 2.19001e-07 3.57839e-07 3.99388e-07 3.62486e-07 1.00988e-06 7.08453e-08 2.01978e-07 3.6922e-07 4.30738e-07 3.84296e-07 1.07924e-06 3.96566e-08 1.22446e-07 2.0433e-07 2.74805e-07 2.54824e-07 7.79451e-07 4.38303e-08 1.03016e-07 1.80751e-07 2.24906e-07 2.33358e-07 7.32173e-07 4.35382e-08 6.59665e-08 1.1135e-07 1.29495e-07 1.46375e-07 5.18177e-07 2.15342e-08 6.57932e-08 9.35586e-08 1.22246e-07 1.18786e-07 4.77839e-07 1.92504e-08 4.90462e-08 5.88867e-08 6.63798e-08 7.35739e-08 3.19566e-07 1.43451e-08 3.19846e-08 4.22432e-08 4.78353e-08 5.82226e-08 2.60021e-07 6.88346e-09 1.71436e-08 2.68541e-08 2.909e-08 2.68309e-08 1.38954e-07 7.16874e-09 1.51197e-08 2.65093e-08 2.25028e-08 1.76675e-08 1.0322e-07 9.86353e-09 7.05002e-09 6.92027e-09 3.38402e-08  
   0 0 0 0 0 0 0 0 0 0 0 0 0 0 0 0 0 0 0 0 0 0 0 0 0 0 0 0 0 0 0 0 0 0 0 0 0 0 0 1.83363e-06 5.71707e-06 7.33604e-06 9.01685e-06 1.01493e-06 2.95456e-06 4.36302e-06 4.54676e-06 4.35817e-06 6.51694e-07 1.60896e-06 2.57563e-06 2.71358e-06 2.3606e-06 8.5122e-06 2.94826e-07 9.11996e-07 1.64397e-06 1.86648e-06 1.6132e-06 4.88547e-06 2.04776e-07 6.75995e-07 1.10455e-06 1.2328e-06 1.11889e-06 3.11723e-06 2.1868e-07 6.2345e-07 1.13968e-06 1.32957e-06 1.18622e-06 3.33131e-06 1.22409e-07 3.77957e-07 6.3071e-07 8.48247e-07 7.86573e-07 2.40595e-06 1.35292e-07 3.17981e-07 5.57928e-07 6.94222e-07 7.20313e-07 2.26002e-06 1.3439e-07 2.0362e-07 3.43707e-07 3.99716e-07 4.51819e-07 1.59947e-06 6.64702e-08 2.03086e-07 2.8879e-07 3.77339e-07 3.66659e-07 1.47496e-06 5.94206e-08 1.51392e-07 1.81767e-07 2.04896e-07 2.27102e-07 9.86414e-07 4.42795e-08 9.87278e-08 1.30393e-07 1.47654e-07 1.79717e-07 8.02613e-07 2.12474e-08 5.29177e-08 8.28912e-08 8.97928e-08 8.28197e-08 4.28914e-07 2.21279e-08 4.66703e-08 8.18269e-08 6.94601e-08 5.45349e-08 3.18613e-07 3.0446e-08 2.17615e-08 2.1361e-08 1.04456e-07  
   0 0 0 0 0 0 0 0 0 0 0 0 0 0 0 0 0 0 0 0 0 0 0 0 0 0 0 0 0 0 0 0 0 0 0 0 0 0 0 2.37664e-06 7.33604e-06 9.60461e-06 1.16871e-05 1.3155e-06 3.82953e-06 5.6551e-06 5.89325e-06 5.64881e-06 8.44689e-07 2.08544e-06 3.33838e-06 3.51719e-06 3.05967e-06 1.1033e-05 3.82137e-07 1.18208e-06 2.13082e-06 2.41923e-06 2.09094e-06 6.33227e-06 2.65419e-07 8.76187e-07 1.43165e-06 1.59789e-06 1.45025e-06 4.04037e-06 2.83441e-07 8.0808e-07 1.47719e-06 1.72331e-06 1.53751e-06 4.31785e-06 1.5866e-07 4.89887e-07 8.1749e-07 1.09945e-06 1.01951e-06 3.11846e-06 1.75358e-07 4.12149e-07 7.23154e-07 8.99811e-07 9.33628e-07 2.92931e-06 1.74189e-07 2.63921e-07 4.45494e-07 5.18089e-07 5.85622e-07 2.07314e-06 8.61549e-08 2.63228e-07 3.74313e-07 4.89086e-07 4.75242e-07 1.91176e-06 7.70176e-08 1.96226e-07 2.35596e-07 2.65575e-07 2.94357e-07 1.27853e-06 5.73926e-08 1.27965e-07 1.69008e-07 1.91381e-07 2.32939e-07 1.0403e-06 2.75396e-08 6.85889e-08 1.07439e-07 1.16384e-07 1.07346e-07 5.55934e-07 2.8681e-08 6.04914e-08 1.06059e-07 9.00302e-08 7.0685e-08 4.12968e-07 3.94624e-08 2.8206e-08 2.76869e-08 1.35389e-07  
   0 0 0 0 0 0 0 0 0 0 0 0 0 0 0 0 0 0 0 0 0 0 0 0 0 0 0 0 0 0 0 0 0 0 0 0 0 0 0 2.92117e-06 9.01685e-06 1.16871e-05 1.45099e-05 1.6169e-06 4.70693e-06 6.95077e-06 7.24349e-06 6.94304e-06 1.03822e-06 2.56325e-06 4.10326e-06 4.32304e-06 3.76069e-06 1.35609e-05 4.6969e-07 1.45291e-06 2.61903e-06 2.97351e-06 2.57e-06 7.78309e-06 3.2623e-07 1.07694e-06 1.75967e-06 1.96399e-06 1.78252e-06 4.96608e-06 3.48382e-07 9.93224e-07 1.81564e-06 2.11815e-06 1.88977e-06 5.30714e-06 1.95011e-07 6.02127e-07 1.00479e-06 1.35135e-06 1.2531e-06 3.83294e-06 2.15535e-07 5.06579e-07 8.8884e-07 1.10597e-06 1.14754e-06 3.60046e-06 2.14099e-07 3.2439e-07 5.47563e-07 6.36791e-07 7.19797e-07 2.54813e-06 1.05894e-07 3.23538e-07 4.60074e-07 6.01143e-07 5.84128e-07 2.34977e-06 9.46636e-08 2.41184e-07 2.89575e-07 3.26422e-07 3.61799e-07 1.57147e-06 7.05422e-08 1.57284e-07 2.07731e-07 2.3523e-07 2.86309e-07 1.27865e-06 3.38494e-08 8.43037e-08 1.32055e-07 1.4305e-07 1.31941e-07 6.83308e-07 3.52522e-08 7.4351e-08 1.30359e-07 1.10658e-07 8.68801e-08 5.07586e-07 4.85039e-08 3.46685e-08 3.40304e-08 1.66409e-07  
   0 0 0 0 0 0 0 0 0 0 0 0 0 0 0 0 0 0 0 0 0 0 0 0 0 0 0 0 0 0 0 0 0 0 0 0 0 0 0 3.28805e-07 1.01493e-06 1.3155e-06 1.6169e-06 1.83835e-07 5.29809e-07 7.82375e-07 8.15322e-07 7.81505e-07 1.16861e-07 2.88518e-07 4.6186e-07 4.86598e-07 4.23301e-07 1.5264e-06 5.2868e-08 1.63539e-07 2.94796e-07 3.34696e-07 2.89278e-07 8.7606e-07 3.67203e-08 1.21219e-07 1.98067e-07 2.21065e-07 2.0064e-07 5.58979e-07 3.92136e-08 1.11797e-07 2.04367e-07 2.38418e-07 2.12712e-07 5.97368e-07 2.19503e-08 6.77751e-08 1.13099e-07 1.52107e-07 1.41048e-07 4.31434e-07 2.42605e-08 5.70202e-08 1.00047e-07 1.24488e-07 1.29166e-07 4.05265e-07 2.40988e-08 3.65131e-08 6.16334e-08 7.16768e-08 8.10199e-08 2.86816e-07 1.19194e-08 3.64172e-08 5.17856e-08 6.76643e-08 6.57491e-08 2.64489e-07 1.06553e-08 2.71476e-08 3.25944e-08 3.67419e-08 4.07239e-08 1.76883e-07 7.94018e-09 1.77038e-08 2.33821e-08 2.64773e-08 3.22268e-08 1.43924e-07 3.81006e-09 9.48917e-09 1.4864e-08 1.61016e-08 1.48512e-08 7.69127e-08 3.96797e-09 8.3689e-09 1.46732e-08 1.24555e-08 9.77916e-09 5.71336e-08 5.45956e-09 3.90226e-09 3.83044e-09 1.87309e-08  
