<pars>
<!-- Default parameters: MIPP systematic correlation bin-to-bin: +0.75 and no correlaion between TPC and RICH.--> 
<uncorrelated>

<!-- Diff. Data - MC Inelastic Cross section in Al.--> 
    <inel_piAl_xsec>
      <cv> 0.0 </cv>
      <err> 23.8 </err> <!-- mb -->
    </inel_piAl_xsec>
    <inel_kapAl_xsec_lowP>
      <cv> 0.0 </cv>
      <err> 83.0 </err> <!-- mb-->
    </inel_kapAl_xsec_lowP>
    <inel_kamAl_xsec_lowP>
      <cv> 0.0 </cv>
      <err> 49.0 </err> <!-- mb-->
    </inel_kamAl_xsec_lowP>
    <inel_kapAl_xsec_highP>
      <cv> 0.0 </cv>
      <err> 30.5 </err> <!-- mb-->
    </inel_kapAl_xsec_highP>
    <inel_kamAl_xsec_highP>
      <cv> 0.0 </cv>
      <err> 30.5 </err> <!-- mb-->
    </inel_kamAl_xsec_highP>

<!-- Data cross section in C.--> 
  <prod_prtC_xsec>
    <cv> 226.5 </cv>
    <err> 5.6575 </err> <!-- mb -->
  </prod_prtC_xsec>
  <qe_prtC_xsec>
    <cv> 28.9 </cv>
    <err> 4.2 </err> <!-- mb -->
  </qe_prtC_xsec>
  <inel_piC_xsec>
    <cv> 1.0 </cv>
    <err> 0.0352089 </err> <!-- fractional error -->
  </inel_piC_xsec>
  <inel_xC_xsec>
    <cv> 1.0 </cv>
    <err> 0.2 </err> <!-- fractional error -->
  </inel_xC_xsec>

    <inel_pC_xsec_scale>
      <cv> 0.95 </cv>
      <err> 0.04 </err> <!-- a 4% error -->
    </inel_pC_xsec_scale>
    <inel_piC_xsec_scale>
      <cv> 1.4 </cv>
      <err> 0.20 </err> <!-- a 20% error -->
    </inel_piC_xsec_scale>
    <inel_A_scaling>
      <cv> 1.0 </cv>
      <err> 0.2 </err>
    </inel_A_scaling>
    <prt_no_interacting>
      <cv> 0.135 </cv>
      <err> 0.00405 </err>
    </prt_no_interacting>
    <!-- etc. These don't all have to be scale factors. Parameters with units are OK. Downstream code will interpret the meaning of each parameter. --> 
  </uncorrelated>

<uncorrelated_list>

<MIPP_NuMI_pip_stats>
<cvs>0.332 0.325 0.193 0.106 0.092 0.137 0.0903 0.0492 0.0142 0.0602 0.111 0.0826 0.0432 0.0219 0.0427 0.0919 0.0746 0.0421 0.0216 0.0342 0.075 0.0668 0.0382 0.0199 0.0391 0.0998 0.0927 0.052 0.0285 0.0423 0.0912 0.101 0.0765 0.0476 0.0401 0.088 0.126 0.0994 0.0699 0.0154 0.0512 0.0647 0.0679 0.00794 0.0269 0.0393 0.0401 0.0311 0.00399 0.0139 0.0232 0.0246 0.0214 0.058 0.00235 0.00825 0.015 0.0166 0.0145 0.0378 0.00162 0.00584 0.0101 0.0112 0.0101 0.0279 0.00178 0.00551 0.00961 0.0119 0.0108 0.0302 0.00101 0.00339 0.00573 0.00756 0.00707 0.022 0.000977 0.00284 0.00482 0.00628 0.00653 0.0201 0.000689 0.0017 0.00275 0.00357 0.00396 0.0145 0.000565 0.00181 0.0025 0.00324 0.00336 0.0134 0.000464 0.00118 0.00162 0.00183 0.00205 0.00881 0.000398 0.000799 0.00115 0.00133 0.00154 0.00702 0.000187 0.000448 0.000706 0.000771 0.000746 0.00388 0.00019 0.000424 0.00058 0.000627 0.000484 0.00281 0.000236 0.000188 0.000188 0.000929</cvs>
<errs>0.0032204 0.0034125 0.0028178 0.0020882 0.0011224 0.0016166 0.00141771 0.00104304 0.00076538 0.00084882 0.0014763 0.00131334 0.00090288 0.00068328 0.00074298 0.00136012 0.00124582 0.00092199 0.00061344 0.00063954 0.0012675 0.0012358 0.00109634 0.0005771 0.00079764 0.00182634 0.00190962 0.0012792 0.0011913 0.00099405 0.00188784 0.002222 0.00192015 0.00148036 0.0011629 0.0021472 0.0030366 0.0026838 0.00219486 0.00172326 0.00390656 0.00564184 0.00632149 0.000379532 0.00095495 0.00150126 0.00155588 0.00245379 0.000141645 0.00087292 0.0003944 0.00045756 0.00056496 0.0034046 9.4235e-05 0.000160875 0.000258 0.0003486 0.00040455 0.00158004 8.0676e-05 0.000141912 0.000202 0.00023968 0.0002424 0.00082584 8.2236e-05 0.00013775 0.000180668 0.00022253 0.00022896 0.0006493 5.8378e-05 0.000101361 0.000124341 0.00018522 0.000180285 0.0004136 5.65683e-05 9.1448e-05 0.000143636 0.000158256 0.000177616 0.00040602 4.58185e-05 9.758e-05 0.0001078 0.000124593 0.00013266 0.00029725 6.43535e-05 9.2672e-05 0.0001015 0.00011178 0.000112896 0.00028542 3.97184e-05 6.3484e-05 6.804e-05 6.4233e-05 7.052e-05 0.000165628 3.90836e-05 5.04968e-05 5.3245e-05 5.4663e-05 5.8982e-05 0.000141102 2.22717e-05 4.62784e-05 4.14422e-05 4.09401e-05 3.88666e-05 9.5448e-05 2.2534e-05 3.89656e-05 3.6424e-05 3.53628e-05 3.01048e-05 7.7837e-05 2.43552e-05 1.95332e-05 1.9082e-05 4.35701e-05</errs>
</MIPP_NuMI_pip_stats>

<MIPP_NuMI_pim_stats>
<cvs>0.276 0.356 0.191 0.0949 0.0754 0.144 0.0924 0.0463 0.0223 0.0514 0.113 0.0814 0.0433 0.0222 0.039 0.0904 0.0711 0.0403 0.0209 0.0323 0.0725 0.0619 0.0361 0.0193 0.0365 0.0909 0.0822 0.0525 0.0301 0.0372 0.0883 0.0932 0.0658 0.0387 0.032 0.082 0.108 0.083 0.0561 0.0174 0.0482 0.0564 0.0579 0.00864 0.026 0.0347 0.0326 0.0253 0.00446 0.012 0.019 0.0209 0.0172 0.0486 0.00263 0.00844 0.0127 0.014 0.0121 0.031 0.00168 0.0051 0.00765 0.00951 0.00874 0.0221 0.00161 0.00473 0.00706 0.00899 0.0082 0.0254 0.000919 0.00261 0.00398 0.00511 0.00559 0.0168 0.00064 0.00204 0.00291 0.00404 0.00418 0.0151 0.000461 0.00114 0.00148 0.00217 0.0025 0.0104 0.000388 0.000867 0.0012 0.00162 0.00211 0.00883 0.000263 0.000555 0.000723 0.000838 0.00109 0.00525 0.000138 0.000292 0.000477 0.000504 0.000655 0.00358 0.000155 0.000215 0.000219 0.000305 0.0018 8.79e-05 0.000171 0.000152 0.000157 0.00103 0.000333</cvs>
<errs>0.0023736 0.00267 0.0020819 0.00159432 0.00087464 0.001224 0.00105336 0.00081488 0.00062663 0.00067334 0.0010622 0.00091168 0.00065816 0.00054834 0.0006045 0.0009492 0.00083898 0.00062062 0.00047234 0.00052326 0.0008845 0.00082327 0.00057038 0.00041495 0.00062415 0.00119079 0.00115902 0.00087675 0.00061705 0.00071052 0.0013245 0.0014912 0.0011844 0.00084753 0.0008256 0.0014678 0.0018684 0.0016185 0.00129591 0.00138156 0.00203886 0.00252672 0.00326556 0.000298944 0.0006682 0.00086403 0.00102364 0.00154583 0.000143612 0.0010164 0.000304 0.00039919 0.00049364 0.00307638 0.000108356 0.000169644 0.00022606 0.0002674 0.00031702 0.0013206 8.568e-05 0.00013311 0.000161415 0.000201612 0.000208012 0.00065416 8.1305e-05 0.000126764 0.000147554 0.000180699 0.00018614 0.00051054 6.29515e-05 9.5526e-05 0.000106664 0.000139503 0.000150371 0.00033768 4.9536e-05 8.4048e-05 0.000112617 0.00012524 0.00012331 0.00028539 4.19049e-05 8.265e-05 9.5756e-05 8.5064e-05 8.725e-05 0.00020904 5.31172e-05 7.68162e-05 6.768e-05 8.1324e-05 8.0391e-05 0.0001766 2.95349e-05 4.06815e-05 4.43922e-05 4.71794e-05 5.4282e-05 0.0001239 2.22318e-05 2.9492e-05 3.57273e-05 3.5784e-05 4.06755e-05 9.8808e-05 2.12195e-05 2.3263e-05 2.26884e-05 2.684e-05 6.516e-05 1.46529e-05 1.98189e-05 1.8012e-05 1.75055e-05 4.6453e-05 2.44422e-05</errs>
</MIPP_NuMI_pim_stats>

<MIPP_NuMI_kap_pip_stats>
<cvs>0.136 0.104 0.161 0.213 0.094 0.14 0.171 0.221 0.472 0.087 0.156 0.163 0.202 0.259 0.327 0.214 0.206 0.195 0.232 0.328 0.308 0.305 0.209 0.213</cvs> 
<errs>0.00982192 0.00512304 0.00679742 0.00927615 0.0069842 0.0058324 0.00634068 0.00794937 0.0445049 0.00721839 0.00725556 0.00712473 0.00772852 0.0208184 0.0202773 0.010364 0.0102135 0.00858585 0.0172306 0.0358406 0.0248279 0.0268369 0.0177148 0.0298115</errs>
</MIPP_NuMI_kap_pip_stats>

<MIPP_NuMI_kap_pip_sys>
<cvs>0.136 0.104 0.161 0.213 0.094 0.14 0.171 0.221 0.472 0.087 0.156 0.163 0.202 0.259 0.327 0.214 0.206 0.195 0.232 0.328 0.308 0.305 0.209 0.213</cvs>
<errs>0.00477893 0.00796997 0.0126834 0.0208652 0.00397014 0.00400014 0.00422248 0.00767516 0.0419582 0.00972619 0.010727 0.00511752 0.00729163 0.009341 0.0233581 0.00779336 0.00724348 0.00675933 0.0107465 0.125469 0.0401426 0.0229935 0.0605364 0.0177777</errs>
</MIPP_NuMI_kap_pip_sys>

<MIPP_NuMI_kam_pim_stats>
<cvs>0.069 0.077 0.084 0.126 0.064 0.087 0.074 0.115 0.169 0.1 0.066 0.079 0.087 0.078 0.097 0.055 0.034 0.058 0.031 0.068 0.094 0.042 0.03 0</cvs>
<errs>0.00893826 0.00569646 0.00563388 0.00775656 0.00843072 0.00633621 0.00511932 0.006325 0.0242667 0.013127 0.00681252 0.0066202 0.00603432 0.011122 0.0186211 0.0086427 0.00555084 0.00591368 0.00580289 0.0276107 0.0224951 0.0118301 0.0074142 0</errs>
</MIPP_NuMI_kam_pim_stats>

<MIPP_NuMI_kam_pim_sys>
<cvs>0.069 0.077 0.084 0.126 0.064 0.087 0.074 0.115 0.169 0.1 0.066 0.079 0.087 0.078 0.097 0.055 0.034 0.058 0.031 0.068 0.094 0.042 0.03 0</cvs>
<errs>0.00194098 0.00158849 0.00265006 0.0065354 0.00166075 0.00134716 0.00162895 0.00444239 0.0168849 0.00400608 0.00210408 0.00198487 0.00185832 0.00499275 0.00597331 0.00163114 0.00131777 0.00360229 0.00543783 0.0100919 0.0072341 0.00409184 0.00655074 0</errs>
</MIPP_NuMI_kam_pim_sys>

</uncorrelated_list>

<correlated>

<MIPP_NuMI_pip_sys>
<cvs>0.332 0.325 0.193 0.106 0.092 0.137 0.0903 0.0492 0.0142 0.0602 0.111 0.0826 0.0432 0.0219 0.0427 0.0919 0.0746 0.0421 0.0216 0.0342 0.075 0.0668 0.0382 0.0199 0.0391 0.0998 0.0927 0.052 0.0285 0.0423 0.0912 0.101 0.0765 0.0476 0.0401 0.088 0.126 0.0994 0.0699 0.0154 0.0512 0.0647 0.0679 0.00794 0.0269 0.0393 0.0401 0.0311 0.00399 0.0139 0.0232 0.0246 0.0214 0.058 0.00235 0.00825 0.015 0.0166 0.0145 0.0378 0.00162 0.00584 0.0101 0.0112 0.0101 0.0279 0.00178 0.00551 0.00961 0.0119 0.0108 0.0302 0.00101 0.00339 0.00573 0.00756 0.00707 0.022 0.000977 0.00284 0.00482 0.00628 0.00653 0.0201 0.000689 0.0017 0.00275 0.00357 0.00396 0.0145 0.000565 0.00181 0.0025 0.00324 0.00336 0.0134 0.000464 0.00118 0.00162 0.00183 0.00205 0.00881 0.000398 0.000799 0.00115 0.00133 0.00154 0.00702 0.000187 0.000448 0.000706 0.000771 0.000746 0.00388 0.00019 0.000424 0.00058 0.000627 0.000484 0.00281 0.000236 0.000188 0.000188 0.000929</cvs>


  <!-- covariance matrix -->

<covmx>
0.00105212 0.00038425 0.000248844 0.000210164 0.000114144 0.00015731 0.000123897 5.70923e-05 2.82576e-05 7.23465e-05 0.000128266 9.34387e-05 5.90628e-05 3.0794e-05 4.9238e-05 0.00010463 8.38445e-05 5.63299e-05 2.47496e-05 3.94365e-05 8.53888e-05 7.5403e-05 5.17622e-05 4.12949e-05 5.90694e-05 0.000112896 0.000104188 7.14736e-05 3.75784e-05 6.45211e-05 0.00010228 0.000122853 8.63522e-05 6.07939e-05 4.50692e-05 0.000104471 0.000142534 0.000113894 7.87321e-05 0 0 0 0 0 0 0 0 0 0 0 0 0 0 0 0 0 0 0 0 0 0 0 0 0 0 0 0 0 0 0 0 0 0 0 0 0 0 0 0 0 0 0 0 0 0 0 0 0 0 0 0 0 0 0 0 0 0 0 0 0 0 0 0 0 0 0 0 0 0 0 0 0 0 0 0 0 0 0 0 0 0 0 0 0  
     0.00038425 0.000249482 0.000121175 0.00010234 5.55826e-05 7.66026e-05 6.0332e-05 2.78013e-05 1.37601e-05 3.52293e-05 6.24594e-05 4.55003e-05 2.87608e-05 1.49952e-05 2.39766e-05 5.09498e-05 4.08283e-05 2.743e-05 1.20519e-05 1.92037e-05 4.15803e-05 3.67177e-05 2.52057e-05 2.01087e-05 2.8764e-05 5.49749e-05 5.07344e-05 3.48043e-05 1.82989e-05 3.14187e-05 4.98054e-05 5.98236e-05 4.20494e-05 2.96038e-05 2.19466e-05 5.08725e-05 6.94072e-05 5.54611e-05 3.83388e-05 0 0 0 0 0 0 0 0 0 0 0 0 0 0 0 0 0 0 0 0 0 0 0 0 0 0 0 0 0 0 0 0 0 0 0 0 0 0 0 0 0 0 0 0 0 0 0 0 0 0 0 0 0 0 0 0 0 0 0 0 0 0 0 0 0 0 0 0 0 0 0 0 0 0 0 0 0 0 0 0 0 0 0 0 0  
     0.000248844 0.000121175 0.000104632 6.62762e-05 3.59959e-05 4.96086e-05 3.90716e-05 1.80044e-05 8.9112e-06 2.28149e-05 4.04493e-05 2.94664e-05 1.86258e-05 9.71105e-06 1.55275e-05 3.29956e-05 2.64408e-05 1.77639e-05 7.80493e-06 1.24365e-05 2.69278e-05 2.37787e-05 1.63235e-05 1.30226e-05 1.86279e-05 3.56023e-05 3.28561e-05 2.25396e-05 1.18506e-05 2.03471e-05 3.22545e-05 3.87423e-05 2.72316e-05 1.91717e-05 1.42128e-05 3.29456e-05 4.49488e-05 3.59171e-05 2.48286e-05 0 0 0 0 0 0 0 0 0 0 0 0 0 0 0 0 0 0 0 0 0 0 0 0 0 0 0 0 0 0 0 0 0 0 0 0 0 0 0 0 0 0 0 0 0 0 0 0 0 0 0 0 0 0 0 0 0 0 0 0 0 0 0 0 0 0 0 0 0 0 0 0 0 0 0 0 0 0 0 0 0 0 0 0 0  
     0.000210164 0.00010234 6.62762e-05 7.46323e-05 3.04006e-05 4.18974e-05 3.29983e-05 1.52058e-05 7.52604e-06 1.92685e-05 3.41618e-05 2.48862e-05 1.57306e-05 8.20156e-06 1.31139e-05 2.78667e-05 2.23309e-05 1.50027e-05 6.59173e-06 1.05034e-05 2.27422e-05 2.00826e-05 1.37862e-05 1.09983e-05 1.57323e-05 3.00683e-05 2.77489e-05 1.9036e-05 1.00085e-05 1.71843e-05 2.72408e-05 3.27202e-05 2.29987e-05 1.61916e-05 1.20036e-05 2.78245e-05 3.79619e-05 3.03342e-05 2.09693e-05 0 0 0 0 0 0 0 0 0 0 0 0 0 0 0 0 0 0 0 0 0 0 0 0 0 0 0 0 0 0 0 0 0 0 0 0 0 0 0 0 0 0 0 0 0 0 0 0 0 0 0 0 0 0 0 0 0 0 0 0 0 0 0 0 0 0 0 0 0 0 0 0 0 0 0 0 0 0 0 0 0 0 0 0 0  
     0.000114144 5.55826e-05 3.59959e-05 3.04006e-05 2.20149e-05 2.27553e-05 1.7922e-05 8.25853e-06 4.08753e-06 1.04651e-05 1.85539e-05 1.35161e-05 8.54357e-06 4.45442e-06 7.12239e-06 1.51349e-05 1.21283e-05 8.14824e-06 3.58009e-06 5.70458e-06 1.23517e-05 1.09072e-05 7.48752e-06 5.9734e-06 8.54452e-06 1.63306e-05 1.5071e-05 1.03388e-05 5.4358e-06 9.33313e-06 1.4795e-05 1.7771e-05 1.2491e-05 8.79398e-06 6.51937e-06 1.5112e-05 2.06178e-05 1.6475e-05 1.13888e-05 0 0 0 0 0 0 0 0 0 0 0 0 0 0 0 0 0 0 0 0 0 0 0 0 0 0 0 0 0 0 0 0 0 0 0 0 0 0 0 0 0 0 0 0 0 0 0 0 0 0 0 0 0 0 0 0 0 0 0 0 0 0 0 0 0 0 0 0 0 0 0 0 0 0 0 0 0 0 0 0 0 0 0 0 0  
     0.00015731 7.66026e-05 4.96086e-05 4.18974e-05 2.27553e-05 4.18143e-05 2.46996e-05 1.13817e-05 5.63333e-06 1.44227e-05 2.55706e-05 1.86276e-05 1.17745e-05 6.13897e-06 9.8159e-06 2.08586e-05 1.67149e-05 1.12297e-05 4.93399e-06 7.86191e-06 1.70228e-05 1.50321e-05 1.03191e-05 8.23239e-06 1.17758e-05 2.25065e-05 2.07704e-05 1.42487e-05 7.49149e-06 1.28627e-05 2.03901e-05 2.44915e-05 1.72149e-05 1.21197e-05 8.98484e-06 2.0827e-05 2.8415e-05 2.27055e-05 1.56957e-05 0 0 0 0 0 0 0 0 0 0 0 0 0 0 0 0 0 0 0 0 0 0 0 0 0 0 0 0 0 0 0 0 0 0 0 0 0 0 0 0 0 0 0 0 0 0 0 0 0 0 0 0 0 0 0 0 0 0 0 0 0 0 0 0 0 0 0 0 0 0 0 0 0 0 0 0 0 0 0 0 0 0 0 0 0  
     0.000123897 6.0332e-05 3.90716e-05 3.29983e-05 1.7922e-05 2.46996e-05 2.59378e-05 8.9642e-06 4.4368e-06 1.13593e-05 2.01393e-05 1.4671e-05 9.2736e-06 4.83504e-06 7.73098e-06 1.64282e-05 1.31646e-05 8.84449e-06 3.886e-06 6.19202e-06 1.34071e-05 1.18392e-05 8.12731e-06 6.48381e-06 9.27463e-06 1.7726e-05 1.63587e-05 1.12222e-05 5.90028e-06 1.01306e-05 1.60592e-05 1.92894e-05 1.35584e-05 9.54541e-06 7.07643e-06 1.64033e-05 2.23796e-05 1.78828e-05 1.23619e-05 0 0 0 0 0 0 0 0 0 0 0 0 0 0 0 0 0 0 0 0 0 0 0 0 0 0 0 0 0 0 0 0 0 0 0 0 0 0 0 0 0 0 0 0 0 0 0 0 0 0 0 0 0 0 0 0 0 0 0 0 0 0 0 0 0 0 0 0 0 0 0 0 0 0 0 0 0 0 0 0 0 0 0 0 0  
     5.70923e-05 2.78013e-05 1.80044e-05 1.52058e-05 8.25853e-06 1.13817e-05 8.9642e-06 5.50766e-06 2.0445e-06 5.23442e-06 9.28029e-06 6.76048e-06 4.27331e-06 2.22801e-06 3.56247e-06 7.57018e-06 6.06632e-06 4.07558e-06 1.79069e-06 2.85331e-06 6.17806e-06 5.45556e-06 3.7451e-06 2.98777e-06 4.27379e-06 8.16824e-06 7.53818e-06 5.17126e-06 2.71887e-06 4.66823e-06 7.40015e-06 8.88866e-06 6.24776e-06 4.39856e-06 3.26085e-06 7.5587e-06 1.03126e-05 8.24047e-06 5.69643e-06 0 0 0 0 0 0 0 0 0 0 0 0 0 0 0 0 0 0 0 0 0 0 0 0 0 0 0 0 0 0 0 0 0 0 0 0 0 0 0 0 0 0 0 0 0 0 0 0 0 0 0 0 0 0 0 0 0 0 0 0 0 0 0 0 0 0 0 0 0 0 0 0 0 0 0 0 0 0 0 0 0 0 0 0 0  
     2.82576e-05 1.37601e-05 8.9112e-06 7.52604e-06 4.08753e-06 5.63333e-06 4.4368e-06 2.0445e-06 1.34922e-06 2.59076e-06 4.59324e-06 3.34608e-06 2.11506e-06 1.10274e-06 1.76323e-06 3.74683e-06 3.0025e-06 2.01719e-06 8.86294e-07 1.41224e-06 3.05781e-06 2.70021e-06 1.85362e-06 1.47878e-06 2.1153e-06 4.04284e-06 3.73099e-06 2.5595e-06 1.3457e-06 2.31053e-06 3.66268e-06 4.39941e-06 3.09231e-06 2.17705e-06 1.61395e-06 3.74115e-06 5.10419e-06 4.07859e-06 2.81943e-06 0 0 0 0 0 0 0 0 0 0 0 0 0 0 0 0 0 0 0 0 0 0 0 0 0 0 0 0 0 0 0 0 0 0 0 0 0 0 0 0 0 0 0 0 0 0 0 0 0 0 0 0 0 0 0 0 0 0 0 0 0 0 0 0 0 0 0 0 0 0 0 0 0 0 0 0 0 0 0 0 0 0 0 0 0  
     7.23465e-05 3.52293e-05 2.28149e-05 1.92685e-05 1.04651e-05 1.44227e-05 1.13593e-05 5.23442e-06 2.59076e-06 8.84396e-06 1.17598e-05 8.56678e-06 5.41508e-06 2.8233e-06 4.51431e-06 9.59281e-06 7.68715e-06 5.16451e-06 2.26913e-06 3.61567e-06 7.82874e-06 6.9132e-06 4.74573e-06 3.78605e-06 5.41568e-06 1.03507e-05 9.55227e-06 6.55294e-06 3.44531e-06 5.91552e-06 9.37736e-06 1.12636e-05 7.91706e-06 5.57379e-06 4.1321e-06 9.57827e-06 1.3068e-05 1.04422e-05 7.21843e-06 0 0 0 0 0 0 0 0 0 0 0 0 0 0 0 0 0 0 0 0 0 0 0 0 0 0 0 0 0 0 0 0 0 0 0 0 0 0 0 0 0 0 0 0 0 0 0 0 0 0 0 0 0 0 0 0 0 0 0 0 0 0 0 0 0 0 0 0 0 0 0 0 0 0 0 0 0 0 0 0 0 0 0 0 0  
     0.000128266 6.24594e-05 4.04493e-05 3.41618e-05 1.85539e-05 2.55706e-05 2.01393e-05 9.28029e-06 4.59324e-06 1.17598e-05 2.77993e-05 1.51884e-05 9.60059e-06 5.00553e-06 8.00358e-06 1.70075e-05 1.36288e-05 9.15636e-06 4.02302e-06 6.41036e-06 1.38799e-05 1.22567e-05 8.41388e-06 6.71243e-06 9.60166e-06 1.83511e-05 1.69356e-05 1.1618e-05 6.10832e-06 1.04878e-05 1.66255e-05 1.99696e-05 1.40364e-05 9.88198e-06 7.32595e-06 1.69817e-05 2.31687e-05 1.85134e-05 1.27978e-05 0 0 0 0 0 0 0 0 0 0 0 0 0 0 0 0 0 0 0 0 0 0 0 0 0 0 0 0 0 0 0 0 0 0 0 0 0 0 0 0 0 0 0 0 0 0 0 0 0 0 0 0 0 0 0 0 0 0 0 0 0 0 0 0 0 0 0 0 0 0 0 0 0 0 0 0 0 0 0 0 0 0 0 0 0  
     9.34387e-05 4.55003e-05 2.94664e-05 2.48862e-05 1.35161e-05 1.86276e-05 1.4671e-05 6.76048e-06 3.34608e-06 8.56678e-06 1.51884e-05 1.47525e-05 6.99382e-06 3.64642e-06 5.83043e-06 1.23896e-05 9.9283e-06 6.6702e-06 2.93068e-06 4.6698e-06 1.01112e-05 8.92871e-06 6.12933e-06 4.88986e-06 6.9946e-06 1.33683e-05 1.23372e-05 8.46342e-06 4.44978e-06 7.64016e-06 1.21113e-05 1.45474e-05 1.02252e-05 7.19881e-06 5.3368e-06 1.23708e-05 1.68779e-05 1.34866e-05 9.32293e-06 0 0 0 0 0 0 0 0 0 0 0 0 0 0 0 0 0 0 0 0 0 0 0 0 0 0 0 0 0 0 0 0 0 0 0 0 0 0 0 0 0 0 0 0 0 0 0 0 0 0 0 0 0 0 0 0 0 0 0 0 0 0 0 0 0 0 0 0 0 0 0 0 0 0 0 0 0 0 0 0 0 0 0 0 0  
     5.90628e-05 2.87608e-05 1.86258e-05 1.57306e-05 8.54357e-06 1.17745e-05 9.2736e-06 4.27331e-06 2.11506e-06 5.41508e-06 9.60059e-06 6.99382e-06 5.89441e-06 2.30491e-06 3.68542e-06 7.83146e-06 6.2757e-06 4.21625e-06 1.85249e-06 2.95179e-06 6.39129e-06 5.64385e-06 3.87436e-06 3.09089e-06 4.4213e-06 8.45016e-06 7.79836e-06 5.34975e-06 2.81271e-06 4.82936e-06 7.65556e-06 9.19544e-06 6.4634e-06 4.55038e-06 3.3734e-06 7.81959e-06 1.06685e-05 8.52489e-06 5.89304e-06 0 0 0 0 0 0 0 0 0 0 0 0 0 0 0 0 0 0 0 0 0 0 0 0 0 0 0 0 0 0 0 0 0 0 0 0 0 0 0 0 0 0 0 0 0 0 0 0 0 0 0 0 0 0 0 0 0 0 0 0 0 0 0 0 0 0 0 0 0 0 0 0 0 0 0 0 0 0 0 0 0 0 0 0 0  
     3.0794e-05 1.49952e-05 9.71105e-06 8.20156e-06 4.45442e-06 6.13897e-06 4.83504e-06 2.22801e-06 1.10274e-06 2.8233e-06 5.00553e-06 3.64642e-06 2.30491e-06 1.6023e-06 1.9215e-06 4.08314e-06 3.27201e-06 2.19825e-06 9.65846e-07 1.539e-06 3.33227e-06 2.94258e-06 2.02e-06 1.61152e-06 2.30516e-06 4.40572e-06 4.06588e-06 2.78923e-06 1.46648e-06 2.51792e-06 3.99143e-06 4.79429e-06 3.36987e-06 2.37246e-06 1.75881e-06 4.07695e-06 5.56233e-06 4.44468e-06 3.0725e-06 0 0 0 0 0 0 0 0 0 0 0 0 0 0 0 0 0 0 0 0 0 0 0 0 0 0 0 0 0 0 0 0 0 0 0 0 0 0 0 0 0 0 0 0 0 0 0 0 0 0 0 0 0 0 0 0 0 0 0 0 0 0 0 0 0 0 0 0 0 0 0 0 0 0 0 0 0 0 0 0 0 0 0 0 0  
     4.9238e-05 2.39766e-05 1.55275e-05 1.31139e-05 7.12239e-06 9.8159e-06 7.73098e-06 3.56247e-06 1.76323e-06 4.51431e-06 8.00358e-06 5.83043e-06 3.68542e-06 1.9215e-06 4.0965e-06 6.52873e-06 5.23177e-06 3.51489e-06 1.54434e-06 2.46078e-06 5.32813e-06 4.70502e-06 3.22988e-06 2.57673e-06 3.68583e-06 7.04451e-06 6.50114e-06 4.45984e-06 2.34483e-06 4.02601e-06 6.38209e-06 7.66582e-06 5.38824e-06 3.79344e-06 2.81225e-06 6.51883e-06 8.89387e-06 7.10681e-06 4.91276e-06 0 0 0 0 0 0 0 0 0 0 0 0 0 0 0 0 0 0 0 0 0 0 0 0 0 0 0 0 0 0 0 0 0 0 0 0 0 0 0 0 0 0 0 0 0 0 0 0 0 0 0 0 0 0 0 0 0 0 0 0 0 0 0 0 0 0 0 0 0 0 0 0 0 0 0 0 0 0 0 0 0 0 0 0 0  
     0.00010463 5.09498e-05 3.29956e-05 2.78667e-05 1.51349e-05 2.08586e-05 1.64282e-05 7.57018e-06 3.74683e-06 9.59281e-06 1.70075e-05 1.23896e-05 7.83146e-06 4.08314e-06 6.52873e-06 1.84979e-05 1.11174e-05 7.46909e-06 3.28169e-06 5.2291e-06 1.13222e-05 9.99809e-06 6.86343e-06 5.47551e-06 7.83233e-06 1.49695e-05 1.38148e-05 9.47708e-06 4.98272e-06 8.55521e-06 1.35618e-05 1.62897e-05 1.14499e-05 8.061e-06 5.97598e-06 1.38524e-05 1.88993e-05 1.51018e-05 1.04395e-05 0 0 0 0 0 0 0 0 0 0 0 0 0 0 0 0 0 0 0 0 0 0 0 0 0 0 0 0 0 0 0 0 0 0 0 0 0 0 0 0 0 0 0 0 0 0 0 0 0 0 0 0 0 0 0 0 0 0 0 0 0 0 0 0 0 0 0 0 0 0 0 0 0 0 0 0 0 0 0 0 0 0 0 0 0  
     8.38445e-05 4.08283e-05 2.64408e-05 2.23309e-05 1.21283e-05 1.67149e-05 1.31646e-05 6.06632e-06 3.0025e-06 7.68715e-06 1.36288e-05 9.9283e-06 6.2757e-06 3.27201e-06 5.23177e-06 1.11174e-05 1.18785e-05 5.98531e-06 2.62976e-06 4.19031e-06 9.07296e-06 8.01192e-06 5.49997e-06 4.38777e-06 6.2764e-06 1.19957e-05 1.10704e-05 7.59441e-06 3.99288e-06 6.85567e-06 1.08677e-05 1.30537e-05 9.17533e-06 6.45964e-06 4.78882e-06 1.11006e-05 1.51449e-05 1.21018e-05 8.36566e-06 0 0 0 0 0 0 0 0 0 0 0 0 0 0 0 0 0 0 0 0 0 0 0 0 0 0 0 0 0 0 0 0 0 0 0 0 0 0 0 0 0 0 0 0 0 0 0 0 0 0 0 0 0 0 0 0 0 0 0 0 0 0 0 0 0 0 0 0 0 0 0 0 0 0 0 0 0 0 0 0 0 0 0 0 0  
     5.63299e-05 2.743e-05 1.77639e-05 1.50027e-05 8.14824e-06 1.12297e-05 8.84449e-06 4.07558e-06 2.01719e-06 5.16451e-06 9.15636e-06 6.6702e-06 4.21625e-06 2.19825e-06 3.51489e-06 7.46909e-06 5.98531e-06 5.36154e-06 1.76677e-06 2.81521e-06 6.09555e-06 5.3827e-06 3.69509e-06 2.94787e-06 4.21672e-06 8.05916e-06 7.43751e-06 5.1022e-06 2.68256e-06 4.60589e-06 7.30133e-06 8.76996e-06 6.16432e-06 4.33983e-06 3.21731e-06 7.45776e-06 1.01749e-05 8.13043e-06 5.62036e-06 0 0 0 0 0 0 0 0 0 0 0 0 0 0 0 0 0 0 0 0 0 0 0 0 0 0 0 0 0 0 0 0 0 0 0 0 0 0 0 0 0 0 0 0 0 0 0 0 0 0 0 0 0 0 0 0 0 0 0 0 0 0 0 0 0 0 0 0 0 0 0 0 0 0 0 0 0 0 0 0 0 0 0 0 0  
     2.47496e-05 1.20519e-05 7.80493e-06 6.59173e-06 3.58009e-06 4.93399e-06 3.886e-06 1.79069e-06 8.86294e-07 2.26913e-06 4.02302e-06 2.93068e-06 1.85249e-06 9.65846e-07 1.54434e-06 3.28169e-06 2.62976e-06 1.76677e-06 1.03502e-06 1.23692e-06 2.6782e-06 2.365e-06 1.62351e-06 1.2952e-06 1.8527e-06 3.54095e-06 3.26782e-06 2.24175e-06 1.17864e-06 2.02369e-06 3.20798e-06 3.85325e-06 2.70842e-06 1.90679e-06 1.41359e-06 3.27671e-06 4.47053e-06 3.57226e-06 2.46942e-06 0 0 0 0 0 0 0 0 0 0 0 0 0 0 0 0 0 0 0 0 0 0 0 0 0 0 0 0 0 0 0 0 0 0 0 0 0 0 0 0 0 0 0 0 0 0 0 0 0 0 0 0 0 0 0 0 0 0 0 0 0 0 0 0 0 0 0 0 0 0 0 0 0 0 0 0 0 0 0 0 0 0 0 0 0  
     3.94365e-05 1.92037e-05 1.24365e-05 1.05034e-05 5.70458e-06 7.86191e-06 6.19202e-06 2.85331e-06 1.41224e-06 3.61567e-06 6.41036e-06 4.6698e-06 2.95179e-06 1.539e-06 2.46078e-06 5.2291e-06 4.19031e-06 2.81521e-06 1.23692e-06 2.6279e-06 4.26749e-06 3.76843e-06 2.58693e-06 2.0638e-06 2.95212e-06 5.64221e-06 5.207e-06 3.57205e-06 1.87806e-06 3.22458e-06 5.11165e-06 6.13984e-06 4.31564e-06 3.03831e-06 2.25243e-06 5.22117e-06 7.12343e-06 5.69211e-06 3.93481e-06 0 0 0 0 0 0 0 0 0 0 0 0 0 0 0 0 0 0 0 0 0 0 0 0 0 0 0 0 0 0 0 0 0 0 0 0 0 0 0 0 0 0 0 0 0 0 0 0 0 0 0 0 0 0 0 0 0 0 0 0 0 0 0 0 0 0 0 0 0 0 0 0 0 0 0 0 0 0 0 0 0 0 0 0 0  
     8.53888e-05 4.15803e-05 2.69278e-05 2.27422e-05 1.23517e-05 1.70228e-05 1.34071e-05 6.17806e-06 3.05781e-06 7.82874e-06 1.38799e-05 1.01112e-05 6.39129e-06 3.33227e-06 5.32813e-06 1.13222e-05 9.07296e-06 6.09555e-06 2.6782e-06 4.26749e-06 1.23201e-05 8.15949e-06 5.60128e-06 4.46859e-06 6.392e-06 1.22166e-05 1.12743e-05 7.73429e-06 4.06642e-06 6.98194e-06 1.10679e-05 1.32941e-05 9.34432e-06 6.57862e-06 4.87702e-06 1.1305e-05 1.54238e-05 1.23247e-05 8.51974e-06 0 0 0 0 0 0 0 0 0 0 0 0 0 0 0 0 0 0 0 0 0 0 0 0 0 0 0 0 0 0 0 0 0 0 0 0 0 0 0 0 0 0 0 0 0 0 0 0 0 0 0 0 0 0 0 0 0 0 0 0 0 0 0 0 0 0 0 0 0 0 0 0 0 0 0 0 0 0 0 0 0 0 0 0 0  
     7.5403e-05 3.67177e-05 2.37787e-05 2.00826e-05 1.09072e-05 1.50321e-05 1.18392e-05 5.45556e-06 2.70021e-06 6.9132e-06 1.22567e-05 8.92871e-06 5.64385e-06 2.94258e-06 4.70502e-06 9.99809e-06 8.01192e-06 5.3827e-06 2.365e-06 3.76843e-06 8.15949e-06 9.60702e-06 4.94623e-06 3.94601e-06 5.64448e-06 1.0788e-05 9.95583e-06 6.82979e-06 3.59087e-06 6.16543e-06 9.77353e-06 1.17394e-05 8.25154e-06 5.80928e-06 4.30667e-06 9.98293e-06 1.36201e-05 1.08834e-05 7.5234e-06 0 0 0 0 0 0 0 0 0 0 0 0 0 0 0 0 0 0 0 0 0 0 0 0 0 0 0 0 0 0 0 0 0 0 0 0 0 0 0 0 0 0 0 0 0 0 0 0 0 0 0 0 0 0 0 0 0 0 0 0 0 0 0 0 0 0 0 0 0 0 0 0 0 0 0 0 0 0 0 0 0 0 0 0 0  
     5.17622e-05 2.52057e-05 1.63235e-05 1.37862e-05 7.48752e-06 1.03191e-05 8.12731e-06 3.7451e-06 1.85362e-06 4.74573e-06 8.41388e-06 6.12933e-06 3.87436e-06 2.02e-06 3.22988e-06 6.86343e-06 5.49997e-06 3.69509e-06 1.62351e-06 2.58693e-06 5.60128e-06 4.94623e-06 4.52728e-06 2.70883e-06 3.87479e-06 7.40565e-06 6.83442e-06 4.68848e-06 2.46504e-06 4.23241e-06 6.70927e-06 8.05882e-06 5.66447e-06 3.98792e-06 2.95642e-06 6.85302e-06 9.34982e-06 7.47114e-06 5.16462e-06 0 0 0 0 0 0 0 0 0 0 0 0 0 0 0 0 0 0 0 0 0 0 0 0 0 0 0 0 0 0 0 0 0 0 0 0 0 0 0 0 0 0 0 0 0 0 0 0 0 0 0 0 0 0 0 0 0 0 0 0 0 0 0 0 0 0 0 0 0 0 0 0 0 0 0 0 0 0 0 0 0 0 0 0 0  
     4.12949e-05 2.01087e-05 1.30226e-05 1.09983e-05 5.9734e-06 8.23239e-06 6.48381e-06 2.98777e-06 1.47878e-06 3.78605e-06 6.71243e-06 4.88986e-06 3.09089e-06 1.61152e-06 2.57673e-06 5.47551e-06 4.38777e-06 2.94787e-06 1.2952e-06 2.0638e-06 4.46859e-06 3.94601e-06 2.70883e-06 2.8814e-06 3.09123e-06 5.90809e-06 5.45237e-06 3.74038e-06 1.96656e-06 3.37654e-06 5.35253e-06 6.42917e-06 4.519e-06 3.18148e-06 2.35858e-06 5.46721e-06 7.45911e-06 5.96033e-06 4.12023e-06 0 0 0 0 0 0 0 0 0 0 0 0 0 0 0 0 0 0 0 0 0 0 0 0 0 0 0 0 0 0 0 0 0 0 0 0 0 0 0 0 0 0 0 0 0 0 0 0 0 0 0 0 0 0 0 0 0 0 0 0 0 0 0 0 0 0 0 0 0 0 0 0 0 0 0 0 0 0 0 0 0 0 0 0 0  
     5.90694e-05 2.8764e-05 1.86279e-05 1.57323e-05 8.54452e-06 1.17758e-05 9.27463e-06 4.27379e-06 2.1153e-06 5.41568e-06 9.60166e-06 6.9946e-06 4.4213e-06 2.30516e-06 3.68583e-06 7.83233e-06 6.2764e-06 4.21672e-06 1.8527e-06 2.95212e-06 6.392e-06 5.64448e-06 3.87479e-06 3.09123e-06 5.89572e-06 8.4511e-06 7.79922e-06 5.35034e-06 2.81303e-06 4.82989e-06 7.65641e-06 9.19647e-06 6.46411e-06 4.55089e-06 3.37377e-06 7.82046e-06 1.06697e-05 8.52583e-06 5.8937e-06 0 0 0 0 0 0 0 0 0 0 0 0 0 0 0 0 0 0 0 0 0 0 0 0 0 0 0 0 0 0 0 0 0 0 0 0 0 0 0 0 0 0 0 0 0 0 0 0 0 0 0 0 0 0 0 0 0 0 0 0 0 0 0 0 0 0 0 0 0 0 0 0 0 0 0 0 0 0 0 0 0 0 0 0 0  
     0.000112896 5.49749e-05 3.56023e-05 3.00683e-05 1.63306e-05 2.25065e-05 1.7726e-05 8.16824e-06 4.04284e-06 1.03507e-05 1.83511e-05 1.33683e-05 8.45016e-06 4.40572e-06 7.04451e-06 1.49695e-05 1.19957e-05 8.05916e-06 3.54095e-06 5.64221e-06 1.22166e-05 1.0788e-05 7.40565e-06 5.90809e-06 8.4511e-06 2.15361e-05 1.49062e-05 1.02258e-05 5.37637e-06 9.23108e-06 1.46332e-05 1.75767e-05 1.23545e-05 8.69783e-06 6.44809e-06 1.49468e-05 2.03924e-05 1.62949e-05 1.12643e-05 0 0 0 0 0 0 0 0 0 0 0 0 0 0 0 0 0 0 0 0 0 0 0 0 0 0 0 0 0 0 0 0 0 0 0 0 0 0 0 0 0 0 0 0 0 0 0 0 0 0 0 0 0 0 0 0 0 0 0 0 0 0 0 0 0 0 0 0 0 0 0 0 0 0 0 0 0 0 0 0 0 0 0 0 0  
     0.000104188 5.07344e-05 3.28561e-05 2.77489e-05 1.5071e-05 2.07704e-05 1.63587e-05 7.53818e-06 3.73099e-06 9.55227e-06 1.69356e-05 1.23372e-05 7.79836e-06 4.06588e-06 6.50114e-06 1.38148e-05 1.10704e-05 7.43751e-06 3.26782e-06 5.207e-06 1.12743e-05 9.95583e-06 6.83442e-06 5.45237e-06 7.79922e-06 1.49062e-05 1.83419e-05 9.43702e-06 4.96166e-06 8.51904e-06 1.35045e-05 1.62209e-05 1.14015e-05 8.02693e-06 5.95072e-06 1.37938e-05 1.88194e-05 1.5038e-05 1.03954e-05 0 0 0 0 0 0 0 0 0 0 0 0 0 0 0 0 0 0 0 0 0 0 0 0 0 0 0 0 0 0 0 0 0 0 0 0 0 0 0 0 0 0 0 0 0 0 0 0 0 0 0 0 0 0 0 0 0 0 0 0 0 0 0 0 0 0 0 0 0 0 0 0 0 0 0 0 0 0 0 0 0 0 0 0 0  
     7.14736e-05 3.48043e-05 2.25396e-05 1.9036e-05 1.03388e-05 1.42487e-05 1.12222e-05 5.17126e-06 2.5595e-06 6.55294e-06 1.1618e-05 8.46342e-06 5.34975e-06 2.78923e-06 4.45984e-06 9.47708e-06 7.59441e-06 5.1022e-06 2.24175e-06 3.57205e-06 7.73429e-06 6.82979e-06 4.68848e-06 3.74038e-06 5.35034e-06 1.02258e-05 9.43702e-06 8.63184e-06 3.40375e-06 5.84414e-06 9.26422e-06 1.11277e-05 7.82154e-06 5.50655e-06 4.08225e-06 9.46271e-06 1.29103e-05 1.03162e-05 7.13134e-06 0 0 0 0 0 0 0 0 0 0 0 0 0 0 0 0 0 0 0 0 0 0 0 0 0 0 0 0 0 0 0 0 0 0 0 0 0 0 0 0 0 0 0 0 0 0 0 0 0 0 0 0 0 0 0 0 0 0 0 0 0 0 0 0 0 0 0 0 0 0 0 0 0 0 0 0 0 0 0 0 0 0 0 0 0  
     3.75784e-05 1.82989e-05 1.18506e-05 1.00085e-05 5.4358e-06 7.49149e-06 5.90028e-06 2.71887e-06 1.3457e-06 3.44531e-06 6.10832e-06 4.44978e-06 2.81271e-06 1.46648e-06 2.34483e-06 4.98272e-06 3.99288e-06 2.68256e-06 1.17864e-06 1.87806e-06 4.06642e-06 3.59087e-06 2.46504e-06 1.96656e-06 2.81303e-06 5.37637e-06 4.96166e-06 3.40375e-06 2.3861e-06 3.07265e-06 4.87081e-06 5.85055e-06 4.1123e-06 2.89515e-06 2.14631e-06 4.97517e-06 6.7878e-06 5.42391e-06 3.74942e-06 0 0 0 0 0 0 0 0 0 0 0 0 0 0 0 0 0 0 0 0 0 0 0 0 0 0 0 0 0 0 0 0 0 0 0 0 0 0 0 0 0 0 0 0 0 0 0 0 0 0 0 0 0 0 0 0 0 0 0 0 0 0 0 0 0 0 0 0 0 0 0 0 0 0 0 0 0 0 0 0 0 0 0 0 0  
     6.45211e-05 3.14187e-05 2.03471e-05 1.71843e-05 9.33313e-06 1.28627e-05 1.01306e-05 4.66823e-06 2.31053e-06 5.91552e-06 1.04878e-05 7.64016e-06 4.82936e-06 2.51792e-06 4.02601e-06 8.55521e-06 6.85567e-06 4.60589e-06 2.02369e-06 3.22458e-06 6.98194e-06 6.16543e-06 4.23241e-06 3.37654e-06 4.82989e-06 9.23108e-06 8.51904e-06 5.84414e-06 3.07265e-06 7.03422e-06 8.36305e-06 1.00452e-05 7.06071e-06 4.9709e-06 3.68515e-06 8.54224e-06 1.16545e-05 9.31272e-06 6.43765e-06 0 0 0 0 0 0 0 0 0 0 0 0 0 0 0 0 0 0 0 0 0 0 0 0 0 0 0 0 0 0 0 0 0 0 0 0 0 0 0 0 0 0 0 0 0 0 0 0 0 0 0 0 0 0 0 0 0 0 0 0 0 0 0 0 0 0 0 0 0 0 0 0 0 0 0 0 0 0 0 0 0 0 0 0 0  
     0.00010228 4.98054e-05 3.22545e-05 2.72408e-05 1.4795e-05 2.03901e-05 1.60592e-05 7.40015e-06 3.66268e-06 9.37736e-06 1.66255e-05 1.21113e-05 7.65556e-06 3.99143e-06 6.38209e-06 1.35618e-05 1.08677e-05 7.30133e-06 3.20798e-06 5.11165e-06 1.10679e-05 9.77353e-06 6.70927e-06 5.35253e-06 7.65641e-06 1.46332e-05 1.35045e-05 9.26422e-06 4.87081e-06 8.36305e-06 1.76763e-05 1.59239e-05 1.11927e-05 7.87995e-06 5.84176e-06 1.35413e-05 1.84748e-05 1.47626e-05 1.02051e-05 0 0 0 0 0 0 0 0 0 0 0 0 0 0 0 0 0 0 0 0 0 0 0 0 0 0 0 0 0 0 0 0 0 0 0 0 0 0 0 0 0 0 0 0 0 0 0 0 0 0 0 0 0 0 0 0 0 0 0 0 0 0 0 0 0 0 0 0 0 0 0 0 0 0 0 0 0 0 0 0 0 0 0 0 0  
     0.000122853 5.98236e-05 3.87423e-05 3.27202e-05 1.7771e-05 2.44915e-05 1.92894e-05 8.88866e-06 4.39941e-06 1.12636e-05 1.99696e-05 1.45474e-05 9.19544e-06 4.79429e-06 7.66582e-06 1.62897e-05 1.30537e-05 8.76996e-06 3.85325e-06 6.13984e-06 1.32941e-05 1.17394e-05 8.05882e-06 6.42917e-06 9.19647e-06 1.75767e-05 1.62209e-05 1.11277e-05 5.85055e-06 1.00452e-05 1.59239e-05 2.55025e-05 1.34441e-05 9.46496e-06 7.0168e-06 1.6265e-05 2.2191e-05 1.77321e-05 1.22578e-05 0 0 0 0 0 0 0 0 0 0 0 0 0 0 0 0 0 0 0 0 0 0 0 0 0 0 0 0 0 0 0 0 0 0 0 0 0 0 0 0 0 0 0 0 0 0 0 0 0 0 0 0 0 0 0 0 0 0 0 0 0 0 0 0 0 0 0 0 0 0 0 0 0 0 0 0 0 0 0 0 0 0 0 0 0  
     8.63522e-05 4.20494e-05 2.72316e-05 2.29987e-05 1.2491e-05 1.72149e-05 1.35584e-05 6.24776e-06 3.09231e-06 7.91706e-06 1.40364e-05 1.02252e-05 6.4634e-06 3.36987e-06 5.38824e-06 1.14499e-05 9.17533e-06 6.16432e-06 2.70842e-06 4.31564e-06 9.34432e-06 8.25154e-06 5.66447e-06 4.519e-06 6.46411e-06 1.23545e-05 1.14015e-05 7.82154e-06 4.1123e-06 7.06071e-06 1.11927e-05 1.34441e-05 1.25997e-05 6.65284e-06 4.93204e-06 1.14326e-05 1.55978e-05 1.24637e-05 8.61586e-06 0 0 0 0 0 0 0 0 0 0 0 0 0 0 0 0 0 0 0 0 0 0 0 0 0 0 0 0 0 0 0 0 0 0 0 0 0 0 0 0 0 0 0 0 0 0 0 0 0 0 0 0 0 0 0 0 0 0 0 0 0 0 0 0 0 0 0 0 0 0 0 0 0 0 0 0 0 0 0 0 0 0 0 0 0  
     6.07939e-05 2.96038e-05 1.91717e-05 1.61916e-05 8.79398e-06 1.21197e-05 9.54541e-06 4.39856e-06 2.17705e-06 5.57379e-06 9.88198e-06 7.19881e-06 4.55038e-06 2.37246e-06 3.79344e-06 8.061e-06 6.45964e-06 4.33983e-06 1.90679e-06 3.03831e-06 6.57862e-06 5.80928e-06 3.98792e-06 3.18148e-06 4.55089e-06 8.69783e-06 8.02693e-06 5.50655e-06 2.89515e-06 4.9709e-06 7.87995e-06 9.46496e-06 6.65284e-06 6.245e-06 3.47227e-06 8.04878e-06 1.09812e-05 8.77475e-06 6.06577e-06 0 0 0 0 0 0 0 0 0 0 0 0 0 0 0 0 0 0 0 0 0 0 0 0 0 0 0 0 0 0 0 0 0 0 0 0 0 0 0 0 0 0 0 0 0 0 0 0 0 0 0 0 0 0 0 0 0 0 0 0 0 0 0 0 0 0 0 0 0 0 0 0 0 0 0 0 0 0 0 0 0 0 0 0 0  
     4.50692e-05 2.19466e-05 1.42128e-05 1.20036e-05 6.51937e-06 8.98484e-06 7.07643e-06 3.26085e-06 1.61395e-06 4.1321e-06 7.32595e-06 5.3368e-06 3.3734e-06 1.75881e-06 2.81225e-06 5.97598e-06 4.78882e-06 3.21731e-06 1.41359e-06 2.25243e-06 4.87702e-06 4.30667e-06 2.95642e-06 2.35858e-06 3.37377e-06 6.44809e-06 5.95072e-06 4.08225e-06 2.14631e-06 3.68515e-06 5.84176e-06 7.0168e-06 4.93204e-06 3.47227e-06 3.4322e-06 5.96692e-06 8.14088e-06 6.50511e-06 4.49682e-06 0 0 0 0 0 0 0 0 0 0 0 0 0 0 0 0 0 0 0 0 0 0 0 0 0 0 0 0 0 0 0 0 0 0 0 0 0 0 0 0 0 0 0 0 0 0 0 0 0 0 0 0 0 0 0 0 0 0 0 0 0 0 0 0 0 0 0 0 0 0 0 0 0 0 0 0 0 0 0 0 0 0 0 0 0  
     0.000104471 5.08725e-05 3.29456e-05 2.78245e-05 1.5112e-05 2.0827e-05 1.64033e-05 7.5587e-06 3.74115e-06 9.57827e-06 1.69817e-05 1.23708e-05 7.81959e-06 4.07695e-06 6.51883e-06 1.38524e-05 1.11006e-05 7.45776e-06 3.27671e-06 5.22117e-06 1.1305e-05 9.98293e-06 6.85302e-06 5.46721e-06 7.82046e-06 1.49468e-05 1.37938e-05 9.46271e-06 4.97517e-06 8.54224e-06 1.35413e-05 1.6265e-05 1.14326e-05 8.04878e-06 5.96692e-06 1.84419e-05 1.88707e-05 1.50789e-05 1.04237e-05 0 0 0 0 0 0 0 0 0 0 0 0 0 0 0 0 0 0 0 0 0 0 0 0 0 0 0 0 0 0 0 0 0 0 0 0 0 0 0 0 0 0 0 0 0 0 0 0 0 0 0 0 0 0 0 0 0 0 0 0 0 0 0 0 0 0 0 0 0 0 0 0 0 0 0 0 0 0 0 0 0 0 0 0 0  
     0.000142534 6.94072e-05 4.49488e-05 3.79619e-05 2.06178e-05 2.8415e-05 2.23796e-05 1.03126e-05 5.10419e-06 1.3068e-05 2.31687e-05 1.68779e-05 1.06685e-05 5.56233e-06 8.89387e-06 1.88993e-05 1.51449e-05 1.01749e-05 4.47053e-06 7.12343e-06 1.54238e-05 1.36201e-05 9.34982e-06 7.45911e-06 1.06697e-05 2.03924e-05 1.88194e-05 1.29103e-05 6.7878e-06 1.16545e-05 1.84748e-05 2.2191e-05 1.55978e-05 1.09812e-05 8.14088e-06 1.88707e-05 3.43279e-05 2.05727e-05 1.42214e-05 0 0 0 0 0 0 0 0 0 0 0 0 0 0 0 0 0 0 0 0 0 0 0 0 0 0 0 0 0 0 0 0 0 0 0 0 0 0 0 0 0 0 0 0 0 0 0 0 0 0 0 0 0 0 0 0 0 0 0 0 0 0 0 0 0 0 0 0 0 0 0 0 0 0 0 0 0 0 0 0 0 0 0 0 0  
     0.000113894 5.54611e-05 3.59171e-05 3.03342e-05 1.6475e-05 2.27055e-05 1.78828e-05 8.24047e-06 4.07859e-06 1.04422e-05 1.85134e-05 1.34866e-05 8.52489e-06 4.44468e-06 7.10681e-06 1.51018e-05 1.21018e-05 8.13043e-06 3.57226e-06 5.69211e-06 1.23247e-05 1.08834e-05 7.47114e-06 5.96033e-06 8.52583e-06 1.62949e-05 1.5038e-05 1.03162e-05 5.42391e-06 9.31272e-06 1.47626e-05 1.77321e-05 1.24637e-05 8.77475e-06 6.50511e-06 1.50789e-05 2.05727e-05 2.19187e-05 1.13639e-05 0 0 0 0 0 0 0 0 0 0 0 0 0 0 0 0 0 0 0 0 0 0 0 0 0 0 0 0 0 0 0 0 0 0 0 0 0 0 0 0 0 0 0 0 0 0 0 0 0 0 0 0 0 0 0 0 0 0 0 0 0 0 0 0 0 0 0 0 0 0 0 0 0 0 0 0 0 0 0 0 0 0 0 0 0  
     7.87321e-05 3.83388e-05 2.48286e-05 2.09693e-05 1.13888e-05 1.56957e-05 1.23619e-05 5.69643e-06 2.81943e-06 7.21843e-06 1.27978e-05 9.32293e-06 5.89304e-06 3.0725e-06 4.91276e-06 1.04395e-05 8.36566e-06 5.62036e-06 2.46942e-06 3.93481e-06 8.51974e-06 7.5234e-06 5.16462e-06 4.12023e-06 5.8937e-06 1.12643e-05 1.03954e-05 7.13134e-06 3.74942e-06 6.43765e-06 1.02051e-05 1.22578e-05 8.61586e-06 6.06577e-06 4.49682e-06 1.04237e-05 1.42214e-05 1.13639e-05 1.04741e-05 0 0 0 0 0 0 0 0 0 0 0 0 0 0 0 0 0 0 0 0 0 0 0 0 0 0 0 0 0 0 0 0 0 0 0 0 0 0 0 0 0 0 0 0 0 0 0 0 0 0 0 0 0 0 0 0 0 0 0 0 0 0 0 0 0 0 0 0 0 0 0 0 0 0 0 0 0 0 0 0 0 0 0 0 0  
     0 0 0 0 0 0 0 0 0 0 0 0 0 0 0 0 0 0 0 0 0 0 0 0 0 0 0 0 0 0 0 0 0 0 0 0 0 0 0 6.00036e-07 1.38911e-06 1.80049e-06 2.21301e-06 2.49095e-07 7.25137e-07 1.07082e-06 1.11591e-06 1.06963e-06 1.59945e-07 3.94888e-07 6.32136e-07 6.65995e-07 5.79362e-07 2.08915e-06 7.23592e-08 2.23831e-07 4.0348e-07 4.58091e-07 3.95928e-07 1.19904e-06 5.02581e-08 1.6591e-07 2.7109e-07 3.02567e-07 2.74611e-07 7.65061e-07 5.36707e-08 1.53013e-07 2.79712e-07 3.26316e-07 2.91133e-07 8.17604e-07 3.00429e-08 9.27621e-08 1.54795e-07 2.08185e-07 1.93049e-07 5.90493e-07 3.32048e-08 7.80422e-08 1.36932e-07 1.70383e-07 1.76786e-07 5.54676e-07 3.29835e-08 4.99746e-08 8.43561e-08 9.81023e-08 1.1089e-07 3.92558e-07 1.63138e-08 4.98433e-08 7.08777e-08 9.26105e-08 8.99892e-08 3.61999e-07 1.45836e-08 3.71562e-08 4.46111e-08 5.02877e-08 5.57378e-08 2.42096e-07 1.08675e-08 2.42308e-08 3.20025e-08 3.62389e-08 4.4108e-08 1.96985e-07 5.21474e-09 1.29876e-08 2.0344e-08 2.20379e-08 2.03265e-08 1.05269e-07 5.43086e-09 1.14543e-08 2.00828e-08 1.70476e-08 1.33845e-08 7.81973e-08 7.47237e-09 5.34093e-09 5.24263e-09 2.56365e-08  
     0 0 0 0 0 0 0 0 0 0 0 0 0 0 0 0 0 0 0 0 0 0 0 0 0 0 0 0 0 0 0 0 0 0 0 0 0 0 0 1.38911e-06 5.71707e-06 5.55761e-06 6.83094e-06 7.68887e-07 2.2383e-06 3.30532e-06 3.44451e-06 3.30164e-06 4.93708e-07 1.21891e-06 1.95123e-06 2.05574e-06 1.78833e-06 6.44863e-06 2.23353e-07 6.90906e-07 1.24543e-06 1.414e-06 1.22212e-06 3.70111e-06 1.55133e-07 5.12118e-07 8.3678e-07 9.3394e-07 8.47648e-07 2.36153e-06 1.65667e-07 4.7231e-07 8.63394e-07 1.00725e-06 8.98648e-07 2.52372e-06 9.27341e-08 2.86331e-07 4.7781e-07 6.42611e-07 5.95889e-07 1.82269e-06 1.02494e-07 2.40895e-07 4.22673e-07 5.25926e-07 5.45692e-07 1.71213e-06 1.01811e-07 1.54258e-07 2.60384e-07 3.02815e-07 3.42287e-07 1.21172e-06 5.03562e-08 1.53853e-07 2.1878e-07 2.85863e-07 2.77772e-07 1.11739e-06 4.50156e-08 1.14691e-07 1.37702e-07 1.55225e-07 1.72047e-07 7.47283e-07 3.35451e-08 7.47938e-08 9.87828e-08 1.11859e-07 1.36149e-07 6.0804e-07 1.60965e-08 4.00891e-08 6.27964e-08 6.80248e-08 6.27422e-08 3.24935e-07 1.67636e-08 3.53563e-08 6.19901e-08 5.26213e-08 4.13143e-08 2.41374e-07 2.30652e-08 1.6486e-08 1.61826e-08 7.9133e-08  
     0 0 0 0 0 0 0 0 0 0 0 0 0 0 0 0 0 0 0 0 0 0 0 0 0 0 0 0 0 0 0 0 0 0 0 0 0 0 0 1.80049e-06 5.55761e-06 9.60461e-06 8.85388e-06 9.96587e-07 2.90116e-06 4.28417e-06 4.46458e-06 4.2794e-06 6.39916e-07 1.57988e-06 2.52908e-06 2.66454e-06 2.31793e-06 8.35835e-06 2.89497e-07 8.95513e-07 1.61426e-06 1.83275e-06 1.58404e-06 4.79717e-06 2.01075e-07 6.63778e-07 1.08459e-06 1.21052e-06 1.09867e-06 3.06089e-06 2.14728e-07 6.12182e-07 1.11908e-06 1.30554e-06 1.16478e-06 3.2711e-06 1.20197e-07 3.71126e-07 6.19311e-07 8.32916e-07 7.72357e-07 2.36247e-06 1.32847e-07 3.12234e-07 5.47844e-07 6.81675e-07 7.07294e-07 2.21917e-06 1.31962e-07 1.9994e-07 3.37495e-07 3.92492e-07 4.43653e-07 1.57056e-06 6.52688e-08 1.99415e-07 2.8357e-07 3.7052e-07 3.60032e-07 1.4483e-06 5.83467e-08 1.48656e-07 1.78482e-07 2.01193e-07 2.22998e-07 9.68586e-07 4.34792e-08 9.69434e-08 1.28037e-07 1.44986e-07 1.76469e-07 7.88107e-07 2.08633e-08 5.19613e-08 8.13931e-08 8.81699e-08 8.13229e-08 4.21162e-07 2.1728e-08 4.58268e-08 8.0348e-08 6.82047e-08 5.35492e-08 3.12855e-07 2.98958e-08 2.13682e-08 2.09749e-08 1.02568e-07  
     0 0 0 0 0 0 0 0 0 0 0 0 0 0 0 0 0 0 0 0 0 0 0 0 0 0 0 0 0 0 0 0 0 0 0 0 0 0 0 2.21301e-06 6.83094e-06 8.85388e-06 1.45099e-05 1.22492e-06 3.56586e-06 5.26574e-06 5.48749e-06 5.25988e-06 7.86531e-07 1.94186e-06 3.10853e-06 3.27503e-06 2.84901e-06 1.02734e-05 3.55826e-07 1.10069e-06 1.98411e-06 2.25266e-06 1.94697e-06 5.89628e-06 2.47144e-07 8.1586e-07 1.33308e-06 1.48787e-06 1.3504e-06 3.76218e-06 2.63925e-07 7.52443e-07 1.37548e-06 1.60466e-06 1.43165e-06 4.02056e-06 1.47736e-07 4.56157e-07 7.61205e-07 1.02375e-06 9.49317e-07 2.90375e-06 1.63284e-07 3.83772e-07 6.73364e-07 8.37858e-07 8.69347e-07 2.72762e-06 1.62196e-07 2.4575e-07 4.14821e-07 4.82418e-07 5.45301e-07 1.9304e-06 8.0223e-08 2.45104e-07 3.48541e-07 4.55412e-07 4.42521e-07 1.78013e-06 7.17149e-08 1.82715e-07 2.19375e-07 2.4729e-07 2.7409e-07 1.1905e-06 5.3441e-08 1.19155e-07 1.57372e-07 1.78204e-07 2.16901e-07 9.68675e-07 2.56435e-08 6.38664e-08 1.00042e-07 1.08371e-07 9.99552e-08 5.17657e-07 2.67062e-08 5.63265e-08 9.87571e-08 8.38315e-08 6.58182e-08 3.84535e-07 3.67454e-08 2.6264e-08 2.57806e-08 1.26068e-07  
     0 0 0 0 0 0 0 0 0 0 0 0 0 0 0 0 0 0 0 0 0 0 0 0 0 0 0 0 0 0 0 0 0 0 0 0 0 0 0 2.49095e-07 7.68887e-07 9.96587e-07 1.22492e-06 1.83835e-07 4.01371e-07 5.92708e-07 6.17668e-07 5.92049e-07 8.85314e-08 2.18574e-07 3.49894e-07 3.68635e-07 3.20682e-07 1.15637e-06 4.00515e-08 1.23893e-07 2.2333e-07 2.53558e-07 2.1915e-07 6.63682e-07 2.78184e-08 9.18327e-08 1.50051e-07 1.67474e-07 1.52e-07 4.23469e-07 2.97073e-08 8.46945e-08 1.54823e-07 1.80619e-07 1.61145e-07 4.52552e-07 1.6629e-08 5.13448e-08 8.56807e-08 1.15233e-07 1.06854e-07 3.26844e-07 1.83792e-08 4.31971e-08 7.57934e-08 9.43088e-08 9.78531e-08 3.07019e-07 1.82567e-08 2.76615e-08 4.6692e-08 5.43006e-08 6.13787e-08 2.17285e-07 9.02985e-09 2.75888e-08 3.92315e-08 5.12608e-08 4.98099e-08 2.0037e-07 8.07218e-09 2.05663e-08 2.46927e-08 2.78348e-08 3.08514e-08 1.34002e-07 6.01529e-09 1.3412e-08 1.77137e-08 2.00586e-08 2.44142e-08 1.09033e-07 2.88641e-09 7.18876e-09 1.12606e-08 1.21982e-08 1.12509e-08 5.82672e-08 3.00604e-09 6.34007e-09 1.1116e-08 9.43602e-09 7.40846e-09 4.3283e-08 4.13603e-09 2.95626e-09 2.90185e-09 1.41901e-08  
