<pars>

<uncorrelated>

   <inel_piAl_xsec>
      <cv> 0.0 </cv>
      <err> 23.8 </err> <!-- mb -->
    </inel_piAl_xsec>
    <inel_kapAl_xsec_lowP>
      <cv> 0.0 </cv>
      <err> 83.0 </err> <!-- mb-->
    </inel_kapAl_xsec_lowP>
    <inel_kamAl_xsec_lowP>
      <cv> 0.0 </cv>
      <err> 49.0 </err> <!-- mb-->
    </inel_kamAl_xsec_lowP>
    <inel_kapAl_xsec_highP>
      <cv> 0.0 </cv>
      <err> 30.5 </err> <!-- mb-->
    </inel_kapAl_xsec_highP>
    <inel_kamAl_xsec_highP>
      <cv> 0.0 </cv>
      <err> 30.5 </err> <!-- mb-->
    </inel_kamAl_xsec_highP>

    <inel_pC_xsec_scale>
      <cv> 0.95 </cv>
      <err> 0.04 </err> <!-- a 4% error -->
    </inel_pC_xsec_scale>
    <inel_piC_xsec_scale>
      <cv> 1.4 </cv>
      <err> 0.20 </err> <!-- a 20% error -->
    </inel_piC_xsec_scale>
    <inel_A_scaling>
      <cv> 1.0 </cv>
      <err> 0.2 </cv>
    </inel_A_scaling>
    <!-- etc. These don't all have to be scale factors. Parameters with units are OK. Downstream code will interpret the meaning of each parameter. --> 
  </uncorrelated>

<uncorrelated_list>

<MIPP_NuMI_pip_stats>
<cvs>0.332 0.325 0.193 0.106 0.092 0.137 0.0903 0.0492 0.0142 0.0602 0.111 0.0826 0.0432 0.0219 0.0427 0.0919 0.0746 0.0421 0.0216 0.0342 0.075 0.0668 0.0382 0.0199 0.0391 0.0998 0.0927 0.052 0.0285 0.0423 0.0912 0.101 0.0765 0.0476 0.0401 0.088 0.126 0.0994 0.0699 0.0154 0.0512 0.0647 0.0679 0.00794 0.0269 0.0393 0.0401 0.0311 0.00399 0.0139 0.0232 0.0246 0.0214 0.058 0.00235 0.00825 0.015 0.0166 0.0145 0.0378 0.00162 0.00584 0.0101 0.0112 0.0101 0.0279 0.00178 0.00551 0.00961 0.0119 0.0108 0.0302 0.00101 0.00339 0.00573 0.00756 0.00707 0.022 0.000977 0.00284 0.00482 0.00628 0.00653 0.0201 0.000689 0.0017 0.00275 0.00357 0.00396 0.0145 0.000565 0.00181 0.0025 0.00324 0.00336 0.0134 0.000464 0.00118 0.00162 0.00183 0.00205 0.00881 0.000398 0.000799 0.00115 0.00133 0.00154 0.00702 0.000187 0.000448 0.000706 0.000771 0.000746 0.00388 0.00019 0.000424 0.00058 0.000627 0.000484 0.00281 0.000236 0.000188 0.000188 0.000929</cvs>
<errs>0.0032204 0.0034125 0.0028178 0.0020882 0.0011224 0.0016166 0.00141771 0.00104304 0.00076538 0.00084882 0.0014763 0.00131334 0.00090288 0.00068328 0.00074298 0.00136012 0.00124582 0.00092199 0.00061344 0.00063954 0.0012675 0.0012358 0.00109634 0.0005771 0.00079764 0.00182634 0.00190962 0.0012792 0.0011913 0.00099405 0.00188784 0.002222 0.00192015 0.00148036 0.0011629 0.0021472 0.0030366 0.0026838 0.00219486 0.00172326 0.00390656 0.00564184 0.00632149 0.000379532 0.00095495 0.00150126 0.00155588 0.00245379 0.000141645 0.00087292 0.0003944 0.00045756 0.00056496 0.0034046 9.4235e-05 0.000160875 0.000258 0.0003486 0.00040455 0.00158004 8.0676e-05 0.000141912 0.000202 0.00023968 0.0002424 0.00082584 8.2236e-05 0.00013775 0.000180668 0.00022253 0.00022896 0.0006493 5.8378e-05 0.000101361 0.000124341 0.00018522 0.000180285 0.0004136 5.65683e-05 9.1448e-05 0.000143636 0.000158256 0.000177616 0.00040602 4.58185e-05 9.758e-05 0.0001078 0.000124593 0.00013266 0.00029725 6.43535e-05 9.2672e-05 0.0001015 0.00011178 0.000112896 0.00028542 3.97184e-05 6.3484e-05 6.804e-05 6.4233e-05 7.052e-05 0.000165628 3.90836e-05 5.04968e-05 5.3245e-05 5.4663e-05 5.8982e-05 0.000141102 2.22717e-05 4.62784e-05 4.14422e-05 4.09401e-05 3.88666e-05 9.5448e-05 2.2534e-05 3.89656e-05 3.6424e-05 3.53628e-05 3.01048e-05 7.7837e-05 2.43552e-05 1.95332e-05 1.9082e-05 4.35701e-05</errs>
</MIPP_NuMI_pip_stats>

<MIPP_NuMI_pim_stats>
<cvs>0.276 0.356 0.191 0.0949 0.0754 0.144 0.0924 0.0463 0.0223 0.0514 0.113 0.0814 0.0433 0.0222 0.039 0.0904 0.0711 0.0403 0.0209 0.0323 0.0725 0.0619 0.0361 0.0193 0.0365 0.0909 0.0822 0.0525 0.0301 0.0372 0.0883 0.0932 0.0658 0.0387 0.032 0.082 0.108 0.083 0.0561 0.0174 0.0482 0.0564 0.0579 0.00864 0.026 0.0347 0.0326 0.0253 0.00446 0.012 0.019 0.0209 0.0172 0.0486 0.00263 0.00844 0.0127 0.014 0.0121 0.031 0.00168 0.0051 0.00765 0.00951 0.00874 0.0221 0.00161 0.00473 0.00706 0.00899 0.0082 0.0254 0.000919 0.00261 0.00398 0.00511 0.00559 0.0168 0.00064 0.00204 0.00291 0.00404 0.00418 0.0151 0.000461 0.00114 0.00148 0.00217 0.0025 0.0104 0.000388 0.000867 0.0012 0.00162 0.00211 0.00883 0.000263 0.000555 0.000723 0.000838 0.00109 0.00525 0.000138 0.000292 0.000477 0.000504 0.000655 0.00358 0.000155 0.000215 0.000219 0.000305 0.0018 8.79e-05 0.000171 0.000152 0.000157 0.00103 0.000333</cvs>
<errs>0.0023736 0.00267 0.0020819 0.00159432 0.00087464 0.001224 0.00105336 0.00081488 0.00062663 0.00067334 0.0010622 0.00091168 0.00065816 0.00054834 0.0006045 0.0009492 0.00083898 0.00062062 0.00047234 0.00052326 0.0008845 0.00082327 0.00057038 0.00041495 0.00062415 0.00119079 0.00115902 0.00087675 0.00061705 0.00071052 0.0013245 0.0014912 0.0011844 0.00084753 0.0008256 0.0014678 0.0018684 0.0016185 0.00129591 0.00138156 0.00203886 0.00252672 0.00326556 0.000298944 0.0006682 0.00086403 0.00102364 0.00154583 0.000143612 0.0010164 0.000304 0.00039919 0.00049364 0.00307638 0.000108356 0.000169644 0.00022606 0.0002674 0.00031702 0.0013206 8.568e-05 0.00013311 0.000161415 0.000201612 0.000208012 0.00065416 8.1305e-05 0.000126764 0.000147554 0.000180699 0.00018614 0.00051054 6.29515e-05 9.5526e-05 0.000106664 0.000139503 0.000150371 0.00033768 4.9536e-05 8.4048e-05 0.000112617 0.00012524 0.00012331 0.00028539 4.19049e-05 8.265e-05 9.5756e-05 8.5064e-05 8.725e-05 0.00020904 5.31172e-05 7.68162e-05 6.768e-05 8.1324e-05 8.0391e-05 0.0001766 2.95349e-05 4.06815e-05 4.43922e-05 4.71794e-05 5.4282e-05 0.0001239 2.22318e-05 2.9492e-05 3.57273e-05 3.5784e-05 4.06755e-05 9.8808e-05 2.12195e-05 2.3263e-05 2.26884e-05 2.684e-05 6.516e-05 1.46529e-05 1.98189e-05 1.8012e-05 1.75055e-05 4.6453e-05 2.44422e-05</errs>
</MIPP_NuMI_pim_stats>


</uncorrelated_list>

<correlated>

<MIPP_NuMI_pip_sys>
<cvs>0.332 0.325 0.193 0.106 0.092 0.137 0.0903 0.0492 0.0142 0.0602 0.111 0.0826 0.0432 0.0219 0.0427 0.0919 0.0746 0.0421 0.0216 0.0342 0.075 0.0668 0.0382 0.0199 0.0391 0.0998 0.0927 0.052 0.0285 0.0423 0.0912 0.101 0.0765 0.0476 0.0401 0.088 0.126 0.0994 0.0699 0.0154 0.0512 0.0647 0.0679 0.00794 0.0269 0.0393 0.0401 0.0311 0.00399 0.0139 0.0232 0.0246 0.0214 0.058 0.00235 0.00825 0.015 0.0166 0.0145 0.0378 0.00162 0.00584 0.0101 0.0112 0.0101 0.0279 0.00178 0.00551 0.00961 0.0119 0.0108 0.0302 0.00101 0.00339 0.00573 0.00756 0.00707 0.022 0.000977 0.00284 0.00482 0.00628 0.00653 0.0201 0.000689 0.0017 0.00275 0.00357 0.00396 0.0145 0.000565 0.00181 0.0025 0.00324 0.00336 0.0134 0.000464 0.00118 0.00162 0.00183 0.00205 0.00881 0.000398 0.000799 0.00115 0.00133 0.00154 0.00702 0.000187 0.000448 0.000706 0.000771 0.000746 0.00388 0.00019 0.000424 0.00058 0.000627 0.000484 0.00281 0.000236 0.000188 0.000188 0.000929</cvs>


  <!-- covariance matrix -->
<covmx>
   0.00105212 0.0004611 0.000298613 0.000252196 0.000136972 0.000188772 0.000148676 6.85107e-05 3.39091e-05 8.68158e-05 0.000153919 0.000112126 7.08754e-05 3.69528e-05 5.90856e-05 0.000125556 0.000100613 6.75958e-05 2.96995e-05 4.73238e-05 0.000102467 9.04835e-05 6.21146e-05 4.95538e-05 7.08832e-05 0.000135475 0.000125025 8.57683e-05 4.50941e-05 7.74253e-05 0.000122736 0.000147423 0.000103623 7.29527e-05 5.40831e-05 0.000125365 0.00017104 0.000136673 9.44786e-05 2.26133e-05 6.98011e-05 9.04722e-05 0.000111201 1.25167e-05 3.64372e-05 5.38072e-05 5.60732e-05 5.37474e-05 8.03706e-06 1.98426e-05 3.17641e-05 3.34654e-05 2.91122e-05 0.000104977 3.63596e-06 1.12472e-05 2.02744e-05 2.30185e-05 1.98949e-05 6.02504e-05 2.52541e-06 8.33675e-06 1.36219e-05 1.52036e-05 1.37988e-05 3.84434e-05 2.69689e-06 7.68873e-06 1.40552e-05 1.6397e-05 1.46291e-05 4.10836e-05 1.50962e-06 4.66118e-06 7.77826e-06 1.04611e-05 9.70046e-06 2.96715e-05 1.6685e-06 3.92152e-06 6.88068e-06 8.56154e-06 8.8833e-06 2.78718e-05 1.65738e-06 2.51116e-06 4.23879e-06 4.92952e-06 5.57208e-06 1.97255e-05 8.19747e-07 2.50456e-06 3.56152e-06 4.65356e-06 4.52184e-06 1.819e-05 7.32808e-07 1.86705e-06 2.24165e-06 2.5269e-06 2.80075e-06 1.2165e-05 5.4608e-07 1.21757e-06 1.60808e-06 1.82096e-06 2.21637e-06 9.89827e-06 2.62034e-07 6.5261e-07 1.02226e-06 1.10737e-06 1.02138e-06 5.28961e-06 2.72894e-07 5.75564e-07 1.00914e-06 8.56621e-07 6.72554e-07 3.92932e-06 3.75477e-07 2.68375e-07 2.63435e-07 1.2882e-06  
   0.0004611 0.000249482 0.00014541 0.000122808 6.66991e-05 9.19231e-05 7.23984e-05 3.33615e-05 1.65122e-05 4.22752e-05 7.49512e-05 5.46003e-05 3.4513e-05 1.79943e-05 2.87719e-05 6.11397e-05 4.8994e-05 3.2916e-05 1.44623e-05 2.30445e-05 4.98964e-05 4.40612e-05 3.02469e-05 2.41304e-05 3.45168e-05 6.59699e-05 6.08813e-05 4.17651e-05 2.19587e-05 3.77025e-05 5.97665e-05 7.17883e-05 5.04593e-05 3.55245e-05 2.63359e-05 6.1047e-05 8.32886e-05 6.65533e-05 4.60066e-05 1.10116e-05 3.39898e-05 4.40557e-05 5.41495e-05 6.09504e-06 1.77432e-05 2.62016e-05 2.7305e-05 2.61724e-05 3.91367e-06 9.66242e-06 1.54676e-05 1.62961e-05 1.41763e-05 5.11189e-05 1.77054e-06 5.47688e-06 9.87266e-06 1.12089e-05 9.68786e-06 2.93391e-05 1.22975e-06 4.05961e-06 6.63324e-06 7.40343e-06 6.71938e-06 1.87201e-05 1.31326e-06 3.74405e-06 6.84421e-06 7.98456e-06 7.12367e-06 2.00058e-05 7.35112e-07 2.26977e-06 3.78765e-06 5.09404e-06 4.72367e-06 1.44486e-05 8.1248e-07 1.9096e-06 3.35056e-06 4.16906e-06 4.32575e-06 1.35722e-05 8.07065e-07 1.22282e-06 2.06409e-06 2.40044e-06 2.71334e-06 9.60541e-06 3.99178e-07 1.2196e-06 1.73429e-06 2.26606e-06 2.20192e-06 8.85768e-06 3.56843e-07 9.09167e-07 1.09158e-06 1.23048e-06 1.36384e-06 5.92378e-06 2.65915e-07 5.92897e-07 7.83061e-07 8.8672e-07 1.07927e-06 4.81999e-06 1.27598e-07 3.1779e-07 4.97793e-07 5.39239e-07 4.97363e-07 2.57579e-06 1.32886e-07 2.80273e-07 4.91401e-07 4.17134e-07 3.27502e-07 1.91339e-06 1.8284e-07 1.30686e-07 1.28281e-07 6.27294e-07  
   0.000298613 0.00014541 0.000104632 7.95315e-05 4.3195e-05 5.95303e-05 4.68859e-05 2.16052e-05 1.06934e-05 2.73778e-05 4.85392e-05 3.53597e-05 2.23509e-05 1.16533e-05 1.8633e-05 3.95947e-05 3.1729e-05 2.13167e-05 9.36592e-06 1.49238e-05 3.23134e-05 2.85345e-05 1.95882e-05 1.56271e-05 2.23534e-05 4.27227e-05 3.94273e-05 2.70475e-05 1.42207e-05 2.44165e-05 3.87054e-05 4.64908e-05 3.2678e-05 2.3006e-05 1.70554e-05 3.95347e-05 5.39385e-05 4.31006e-05 2.97943e-05 7.13123e-06 2.20122e-05 2.85309e-05 3.50678e-05 3.94721e-06 1.14907e-05 1.69684e-05 1.7683e-05 1.69495e-05 2.53453e-06 6.25748e-06 1.0017e-05 1.05535e-05 9.18069e-06 3.31051e-05 1.14662e-06 3.54688e-06 6.39364e-06 7.25901e-06 6.27396e-06 1.90003e-05 7.96401e-07 2.62904e-06 4.29575e-06 4.79454e-06 4.35154e-06 1.21233e-05 8.50478e-07 2.42468e-06 4.43238e-06 5.17088e-06 4.61336e-06 1.29559e-05 4.76066e-07 1.46993e-06 2.45292e-06 3.29895e-06 3.05909e-06 9.35708e-06 5.2617e-07 1.23667e-06 2.16986e-06 2.69993e-06 2.8014e-06 8.78952e-06 5.22663e-07 7.91909e-07 1.33673e-06 1.55455e-06 1.75719e-06 6.22056e-06 2.58512e-07 7.89828e-07 1.12314e-06 1.46753e-06 1.42599e-06 5.73632e-06 2.31095e-07 5.88785e-07 7.06918e-07 7.96871e-07 8.83233e-07 3.8363e-06 1.72209e-07 3.83966e-07 5.07118e-07 5.74249e-07 6.98946e-07 3.12148e-06 8.2634e-08 2.05804e-07 3.22376e-07 3.49217e-07 3.22098e-07 1.66811e-06 8.60586e-08 1.81507e-07 3.18236e-07 2.7014e-07 2.12094e-07 1.23913e-06 1.18409e-07 8.46335e-08 8.30758e-08 4.06242e-07  
   0.000252196 0.000122808 7.95315e-05 7.46323e-05 3.64808e-05 5.02769e-05 3.9598e-05 1.82469e-05 9.03125e-06 2.31222e-05 4.09942e-05 2.98634e-05 1.88767e-05 9.84188e-06 1.57366e-05 3.34401e-05 2.6797e-05 1.80032e-05 7.91008e-06 1.26041e-05 2.72906e-05 2.40991e-05 1.65434e-05 1.3198e-05 1.88788e-05 3.60819e-05 3.32987e-05 2.28432e-05 1.20102e-05 2.06212e-05 3.2689e-05 3.92643e-05 2.75985e-05 1.943e-05 1.44043e-05 3.33894e-05 4.55543e-05 3.6401e-05 2.51631e-05 6.02275e-06 1.85906e-05 2.4096e-05 2.96168e-05 3.33365e-06 9.70457e-06 1.43308e-05 1.49343e-05 1.43149e-05 2.14056e-06 5.28481e-06 8.45993e-06 8.91306e-06 7.75364e-06 2.79593e-05 9.68389e-07 2.99555e-06 5.39981e-06 6.13067e-06 5.29873e-06 1.60469e-05 6.72608e-07 2.22038e-06 3.62802e-06 4.04927e-06 3.67513e-06 1.02389e-05 7.18279e-07 2.04779e-06 3.74341e-06 4.36712e-06 3.89626e-06 1.09421e-05 4.02066e-07 1.24144e-06 2.07164e-06 2.78616e-06 2.58359e-06 7.90261e-06 4.44382e-07 1.04444e-06 1.83258e-06 2.28025e-06 2.36595e-06 7.42328e-06 4.4142e-07 6.68814e-07 1.12894e-06 1.31291e-06 1.48405e-06 5.25364e-06 2.18329e-07 6.67057e-07 9.48562e-07 1.23941e-06 1.20433e-06 4.84466e-06 1.95174e-07 4.97264e-07 5.97034e-07 6.73005e-07 7.45943e-07 3.23999e-06 1.45441e-07 3.24282e-07 4.28291e-07 4.84987e-07 5.90301e-07 2.63627e-06 6.97893e-08 1.73814e-07 2.72265e-07 2.94934e-07 2.72031e-07 1.40882e-06 7.26816e-08 1.53294e-07 2.6877e-07 2.28149e-07 1.79126e-07 1.04652e-06 1.00003e-07 7.1478e-08 7.01625e-08 3.43096e-07  
   0.000136972 6.66991e-05 4.3195e-05 3.64808e-05 2.20149e-05 2.73063e-05 2.15064e-05 9.91024e-06 4.90504e-06 1.25581e-05 2.22647e-05 1.62194e-05 1.02523e-05 5.3453e-06 8.54686e-06 1.81619e-05 1.4554e-05 9.77789e-06 4.29611e-06 6.8455e-06 1.4822e-05 1.30887e-05 8.98502e-06 7.16808e-06 1.02534e-05 1.95967e-05 1.80852e-05 1.24066e-05 6.52296e-06 1.11998e-05 1.7754e-05 2.13251e-05 1.49893e-05 1.05528e-05 7.82324e-06 1.81344e-05 2.47414e-05 1.97701e-05 1.36665e-05 3.27107e-06 1.00969e-05 1.3087e-05 1.60854e-05 1.81057e-06 5.27073e-06 7.78334e-06 8.11111e-06 7.77468e-06 1.16258e-06 2.87028e-06 4.59474e-06 4.84085e-06 4.21115e-06 1.51852e-05 5.2595e-07 1.62694e-06 2.93273e-06 3.32968e-06 2.87784e-06 8.71535e-06 3.65306e-07 1.20593e-06 1.97044e-06 2.19923e-06 1.99603e-06 5.56092e-06 3.90111e-07 1.11219e-06 2.03311e-06 2.37186e-06 2.11613e-06 5.94283e-06 2.18369e-07 6.7425e-07 1.12514e-06 1.51322e-06 1.40319e-06 4.29205e-06 2.41352e-07 5.67257e-07 9.95306e-07 1.23845e-06 1.28499e-06 4.03172e-06 2.39744e-07 3.63245e-07 6.13151e-07 7.13066e-07 8.06014e-07 2.85335e-06 1.18578e-07 3.62291e-07 5.15182e-07 6.73148e-07 6.54095e-07 2.63123e-06 1.06002e-07 2.70073e-07 3.2426e-07 3.65521e-07 4.05135e-07 1.7597e-06 7.89917e-08 1.76124e-07 2.32613e-07 2.63406e-07 3.20603e-07 1.43181e-06 3.79039e-08 9.44015e-08 1.47872e-07 1.60184e-07 1.47745e-07 7.65154e-07 3.94747e-08 8.32567e-08 1.45974e-07 1.23912e-07 9.72866e-08 5.68385e-07 5.43137e-08 3.8821e-08 3.81065e-08 1.86342e-07  
   0.000188772 9.19231e-05 5.95303e-05 5.02769e-05 2.73063e-05 4.18143e-05 2.96396e-05 1.3658e-05 6.76e-06 1.73073e-05 3.06847e-05 2.23531e-05 1.41294e-05 7.36677e-06 1.17791e-05 2.50303e-05 2.00579e-05 1.34757e-05 5.92079e-06 9.4343e-06 2.04274e-05 1.80385e-05 1.23829e-05 9.87887e-06 1.4131e-05 2.70078e-05 2.49245e-05 1.70985e-05 8.98978e-06 1.54352e-05 2.44681e-05 2.93898e-05 2.06578e-05 1.45436e-05 1.07818e-05 2.49924e-05 3.4098e-05 2.72466e-05 1.88349e-05 4.5081e-06 1.39153e-05 1.80362e-05 2.21686e-05 2.49528e-06 7.26399e-06 1.07268e-05 1.11785e-05 1.07149e-05 1.60224e-06 3.95575e-06 6.33236e-06 6.67154e-06 5.8037e-06 2.09279e-05 7.24851e-07 2.24221e-06 4.04182e-06 4.58888e-06 3.96617e-06 1.20113e-05 5.03456e-07 1.66198e-06 2.71562e-06 3.03093e-06 2.75088e-06 7.66393e-06 5.37641e-07 1.5328e-06 2.80199e-06 3.26884e-06 2.9164e-06 8.19026e-06 3.00951e-07 9.29235e-07 1.55065e-06 2.08548e-06 1.93385e-06 5.9152e-06 3.32625e-07 7.8178e-07 1.37171e-06 1.7068e-06 1.77094e-06 5.55642e-06 3.30409e-07 5.00616e-07 8.45029e-07 9.8273e-07 1.11083e-06 3.93241e-06 1.63422e-07 4.993e-07 7.10011e-07 9.27716e-07 9.01458e-07 3.62629e-06 1.4609e-07 3.72209e-07 4.46888e-07 5.03753e-07 5.58348e-07 2.42517e-06 1.08864e-07 2.42729e-07 3.20581e-07 3.63019e-07 4.41848e-07 1.97328e-06 5.22382e-08 1.30102e-07 2.03794e-07 2.20762e-07 2.03618e-07 1.05452e-06 5.44031e-08 1.14742e-07 2.01177e-07 1.70773e-07 1.34078e-07 7.83334e-07 7.48538e-08 5.35022e-08 5.25175e-08 2.56811e-07  
   0.000148676 7.23984e-05 4.68859e-05 3.9598e-05 2.15064e-05 2.96396e-05 2.59378e-05 1.0757e-05 5.32416e-06 1.36312e-05 2.41672e-05 1.76053e-05 1.11283e-05 5.80205e-06 9.27717e-06 1.97138e-05 1.57976e-05 1.06134e-05 4.6632e-06 7.43043e-06 1.60885e-05 1.4207e-05 9.75277e-06 7.78057e-06 1.11296e-05 2.12712e-05 1.96305e-05 1.34667e-05 7.08033e-06 1.21567e-05 1.9271e-05 2.31473e-05 1.627e-05 1.14545e-05 8.49172e-06 1.96839e-05 2.68555e-05 2.14594e-05 1.48343e-05 3.55057e-06 1.09596e-05 1.42053e-05 1.74599e-05 1.96528e-06 5.7211e-06 8.44841e-06 8.80419e-06 8.43901e-06 1.26192e-06 3.11554e-06 4.98735e-06 5.25449e-06 4.57098e-06 1.64827e-05 5.70891e-07 1.76596e-06 3.18333e-06 3.61419e-06 3.12374e-06 9.46006e-06 3.9652e-07 1.30897e-06 2.13881e-06 2.38715e-06 2.16659e-06 6.03609e-06 4.23445e-07 1.20723e-06 2.20684e-06 2.57453e-06 2.29695e-06 6.45063e-06 2.37029e-07 7.31863e-07 1.22128e-06 1.64252e-06 1.52309e-06 4.6588e-06 2.61975e-07 6.15728e-07 1.08035e-06 1.34427e-06 1.39479e-06 4.37622e-06 2.60229e-07 3.94284e-07 6.65543e-07 7.73996e-07 8.74886e-07 3.09716e-06 1.28711e-07 3.93248e-07 5.59203e-07 7.30667e-07 7.09986e-07 2.85606e-06 1.1506e-07 2.93151e-07 3.51968e-07 3.96754e-07 4.39753e-07 1.91006e-06 8.57413e-08 1.91173e-07 2.52489e-07 2.85913e-07 3.47998e-07 1.55415e-06 4.11426e-08 1.02468e-07 1.60508e-07 1.73872e-07 1.60369e-07 8.30535e-07 4.28478e-08 9.03708e-08 1.58447e-07 1.345e-07 1.05599e-07 6.16952e-07 5.89546e-08 4.21382e-08 4.13627e-08 2.02264e-07  
   6.85107e-05 3.33615e-05 2.16052e-05 1.82469e-05 9.91024e-06 1.3658e-05 1.0757e-05 5.50766e-06 2.4534e-06 6.2813e-06 1.11363e-05 8.11258e-06 5.12798e-06 2.67361e-06 4.27496e-06 9.08421e-06 7.27959e-06 4.8907e-06 2.14882e-06 3.42397e-06 7.41367e-06 6.54667e-06 4.49412e-06 3.58532e-06 5.12855e-06 9.80188e-06 9.04581e-06 6.20551e-06 3.26265e-06 5.60188e-06 8.88018e-06 1.06664e-05 7.49731e-06 5.27828e-06 3.91302e-06 9.07044e-06 1.23751e-05 9.88857e-06 6.83572e-06 1.63612e-06 5.05025e-06 6.54585e-06 8.0456e-06 9.05608e-07 2.63631e-06 3.89306e-06 4.05701e-06 3.88873e-06 5.81498e-07 1.43565e-06 2.29819e-06 2.42129e-06 2.10633e-06 7.59531e-06 2.63069e-07 8.13761e-07 1.46689e-06 1.66544e-06 1.43943e-06 4.35924e-06 1.82718e-07 6.03181e-07 9.85574e-07 1.10001e-06 9.98374e-07 2.78146e-06 1.95125e-07 5.56295e-07 1.01692e-06 1.18636e-06 1.05844e-06 2.97248e-06 1.09224e-07 3.37246e-07 5.62773e-07 7.56878e-07 7.01848e-07 2.1468e-06 1.20719e-07 2.8373e-07 4.97831e-07 6.19445e-07 6.42725e-07 2.01658e-06 1.19915e-07 1.81688e-07 3.06685e-07 3.56661e-07 4.03151e-07 1.42718e-06 5.93104e-08 1.8121e-07 2.57683e-07 3.36695e-07 3.27165e-07 1.31608e-06 5.30202e-08 1.35085e-07 1.62188e-07 1.82826e-07 2.0264e-07 8.80163e-07 3.951e-08 8.80934e-08 1.16348e-07 1.3175e-07 1.60359e-07 7.1616e-07 1.89587e-08 4.72177e-08 7.39626e-08 8.01208e-08 7.38988e-08 3.82714e-07 1.97444e-08 4.16433e-08 7.3013e-08 6.19783e-08 4.86607e-08 2.84294e-07 2.71666e-08 1.94175e-08 1.90601e-08 9.32042e-08  
   3.39091e-05 1.65122e-05 1.06934e-05 9.03125e-06 4.90504e-06 6.76e-06 5.32416e-06 2.4534e-06 1.34922e-06 3.10891e-06 5.51189e-06 4.01529e-06 2.53807e-06 1.32329e-06 2.11588e-06 4.4962e-06 3.60301e-06 2.42063e-06 1.06355e-06 1.69468e-06 3.66937e-06 3.24025e-06 2.22435e-06 1.77454e-06 2.53836e-06 4.85141e-06 4.47719e-06 3.0714e-06 1.61484e-06 2.77263e-06 4.39521e-06 5.27929e-06 3.71077e-06 2.61246e-06 1.93674e-06 4.48938e-06 6.12502e-06 4.89431e-06 3.38331e-06 8.09791e-07 2.4996e-06 3.23984e-06 3.98214e-06 4.48227e-07 1.30483e-06 1.92686e-06 2.008e-06 1.92471e-06 2.8781e-07 7.10572e-07 1.13748e-06 1.19841e-06 1.04252e-06 3.75927e-06 1.30205e-07 4.02768e-07 7.26033e-07 8.24301e-07 7.12443e-07 2.15759e-06 9.04358e-08 2.98542e-07 4.87806e-07 5.44446e-07 4.94142e-07 1.37667e-06 9.65765e-08 2.75336e-07 5.03321e-07 5.87183e-07 5.23873e-07 1.47122e-06 5.40599e-08 1.66919e-07 2.78543e-07 3.74614e-07 3.47377e-07 1.06255e-06 5.97495e-08 1.40431e-07 2.464e-07 3.06592e-07 3.18114e-07 9.98099e-07 5.93513e-08 8.99257e-08 1.51793e-07 1.76528e-07 1.99538e-07 7.06379e-07 2.93555e-08 8.96894e-08 1.27539e-07 1.66646e-07 1.61929e-07 6.51391e-07 2.62421e-08 6.68599e-08 8.02745e-08 9.04891e-08 1.00296e-07 4.35633e-07 1.95553e-08 4.36015e-08 5.75861e-08 6.52092e-08 7.93692e-08 3.54461e-07 9.38355e-09 2.33702e-08 3.66075e-08 3.96555e-08 3.6576e-08 1.89423e-07 9.77244e-09 2.06112e-08 3.61375e-08 3.06759e-08 2.40844e-08 1.4071e-07 1.3446e-08 9.61061e-09 9.43373e-09 4.61311e-08  
   8.68158e-05 4.22752e-05 2.73778e-05 2.31222e-05 1.25581e-05 1.73073e-05 1.36312e-05 6.2813e-06 3.10891e-06 8.84396e-06 1.41118e-05 1.02801e-05 6.49809e-06 3.38796e-06 5.41717e-06 1.15114e-05 9.22458e-06 6.19742e-06 2.72296e-06 4.33881e-06 9.39449e-06 8.29584e-06 5.69488e-06 4.54326e-06 6.49882e-06 1.24208e-05 1.14627e-05 7.86353e-06 4.13438e-06 7.09862e-06 1.12528e-05 1.35163e-05 9.50048e-06 6.68855e-06 4.95852e-06 1.14939e-05 1.56816e-05 1.25306e-05 8.66212e-06 2.07326e-06 6.3996e-06 8.2948e-06 1.01953e-05 1.14757e-06 3.34069e-06 4.93323e-06 5.14098e-06 4.92774e-06 7.36865e-07 1.81924e-06 2.91224e-06 3.06822e-06 2.6691e-06 9.62467e-06 3.33357e-07 1.03119e-06 1.85882e-06 2.11041e-06 1.82403e-06 5.52396e-06 2.31538e-07 7.64342e-07 1.2489e-06 1.39392e-06 1.26512e-06 3.52462e-06 2.4726e-07 7.04929e-07 1.28863e-06 1.50333e-06 1.34124e-06 3.76668e-06 1.38407e-07 4.27353e-07 7.13138e-07 9.59105e-07 8.89372e-07 2.72039e-06 1.52974e-07 3.59539e-07 6.30844e-07 7.84951e-07 8.14451e-07 2.55538e-06 1.51954e-07 2.30232e-07 3.88627e-07 4.51955e-07 5.10867e-07 1.80851e-06 7.51572e-08 2.29627e-07 3.26532e-07 4.26654e-07 4.14578e-07 1.66772e-06 6.71864e-08 1.71178e-07 2.05522e-07 2.31674e-07 2.56783e-07 1.11533e-06 5.00665e-08 1.11631e-07 1.47435e-07 1.66952e-07 2.03205e-07 9.07507e-07 2.40242e-08 5.98335e-08 9.37243e-08 1.01528e-07 9.36435e-08 4.8497e-07 2.50198e-08 5.27697e-08 9.2521e-08 7.85379e-08 6.16621e-08 3.60253e-07 3.4425e-08 2.46055e-08 2.41527e-08 1.18107e-07  
   0.000153919 7.49512e-05 4.85392e-05 4.09942e-05 2.22647e-05 3.06847e-05 2.41672e-05 1.11363e-05 5.51189e-06 1.41118e-05 2.77993e-05 1.8226e-05 1.15207e-05 6.00663e-06 9.60429e-06 2.04089e-05 1.63546e-05 1.09876e-05 4.82763e-06 7.69243e-06 1.66558e-05 1.4708e-05 1.00967e-05 8.05492e-06 1.1522e-05 2.20213e-05 2.03227e-05 1.39415e-05 7.32999e-06 1.25854e-05 1.99505e-05 2.39635e-05 1.68437e-05 1.18584e-05 8.79115e-06 2.0378e-05 2.78024e-05 2.2216e-05 1.53574e-05 3.67577e-06 1.13461e-05 1.47061e-05 1.80756e-05 2.03457e-06 5.92283e-06 8.7463e-06 9.11463e-06 8.73657e-06 1.30641e-06 3.22539e-06 5.16321e-06 5.43976e-06 4.73215e-06 1.70639e-05 5.91021e-07 1.82823e-06 3.29558e-06 3.74163e-06 3.23389e-06 9.79363e-06 4.10502e-07 1.35513e-06 2.21423e-06 2.47133e-06 2.24298e-06 6.24892e-06 4.38376e-07 1.24979e-06 2.28465e-06 2.66531e-06 2.37794e-06 6.67809e-06 2.45386e-07 7.57669e-07 1.26435e-06 1.70043e-06 1.5768e-06 4.82307e-06 2.71212e-07 6.37439e-07 1.11845e-06 1.39167e-06 1.44397e-06 4.53053e-06 2.69405e-07 4.08186e-07 6.8901e-07 8.01288e-07 9.05735e-07 3.20637e-06 1.33249e-07 4.07114e-07 5.78921e-07 7.56431e-07 7.3502e-07 2.95677e-06 1.19117e-07 3.03487e-07 3.64378e-07 4.10744e-07 4.55259e-07 1.97741e-06 8.87646e-08 1.97914e-07 2.61392e-07 2.95994e-07 3.60269e-07 1.60895e-06 4.25934e-08 1.06081e-07 1.66167e-07 1.80003e-07 1.66024e-07 8.5982e-07 4.43586e-08 9.35573e-08 1.64034e-07 1.39243e-07 1.09323e-07 6.38706e-07 6.10334e-08 4.3624e-08 4.28211e-08 2.09396e-07  
   0.000112126 5.46003e-05 3.53597e-05 2.98634e-05 1.62194e-05 2.23531e-05 1.76053e-05 8.11258e-06 4.01529e-06 1.02801e-05 1.8226e-05 1.47525e-05 8.39258e-06 4.3757e-06 6.99651e-06 1.48675e-05 1.1914e-05 8.00424e-06 3.51682e-06 5.60377e-06 1.21334e-05 1.07145e-05 7.35519e-06 5.86783e-06 8.39351e-06 1.6042e-05 1.48046e-05 1.01561e-05 5.33973e-06 9.16819e-06 1.45335e-05 1.74569e-05 1.22703e-05 8.63857e-06 6.40416e-06 1.48449e-05 2.02534e-05 1.61839e-05 1.11875e-05 2.67771e-06 8.26537e-06 1.07131e-05 1.31676e-05 1.48214e-06 4.31465e-06 6.37149e-06 6.63981e-06 6.3644e-06 9.51694e-07 2.34963e-06 3.76129e-06 3.96275e-06 3.44727e-06 1.24307e-05 4.30546e-07 1.33182e-06 2.40075e-06 2.72569e-06 2.35582e-06 7.13444e-06 2.99042e-07 9.87182e-07 1.61302e-06 1.80031e-06 1.63396e-06 4.5522e-06 3.19347e-07 9.10448e-07 1.66432e-06 1.94162e-06 1.73228e-06 4.86484e-06 1.78759e-07 5.51945e-07 9.2105e-07 1.23873e-06 1.14866e-06 3.5135e-06 1.97572e-07 4.6436e-07 8.14763e-07 1.0138e-06 1.0519e-06 3.30039e-06 1.96256e-07 2.97355e-07 5.01929e-07 5.8372e-07 6.59808e-07 2.33577e-06 9.7069e-08 2.96574e-07 4.21731e-07 5.51043e-07 5.35446e-07 2.15394e-06 8.67742e-08 2.21084e-07 2.65442e-07 2.99218e-07 3.31646e-07 1.4405e-06 6.46631e-08 1.44176e-07 1.90418e-07 2.15625e-07 2.62448e-07 1.17209e-06 3.10283e-08 7.72777e-08 1.21049e-07 1.31128e-07 1.20945e-07 6.2636e-07 3.23143e-08 6.81545e-08 1.19495e-07 1.01435e-07 7.96394e-08 4.65283e-07 4.44615e-08 3.17791e-08 3.11943e-08 1.5254e-07  
   7.08754e-05 3.4513e-05 2.23509e-05 1.88767e-05 1.02523e-05 1.41294e-05 1.11283e-05 5.12798e-06 2.53807e-06 6.49809e-06 1.15207e-05 8.39258e-06 5.89441e-06 2.76589e-06 4.42251e-06 9.39775e-06 7.53084e-06 5.0595e-06 2.22299e-06 3.54215e-06 7.66955e-06 6.77262e-06 4.64923e-06 3.70907e-06 5.30556e-06 1.01402e-05 9.35803e-06 6.41969e-06 3.37526e-06 5.79523e-06 9.18667e-06 1.10345e-05 7.75607e-06 5.46045e-06 4.04808e-06 9.3835e-06 1.28022e-05 1.02299e-05 7.07165e-06 1.69259e-06 5.22456e-06 6.77177e-06 8.32329e-06 9.36865e-07 2.7273e-06 4.02743e-06 4.19703e-06 4.02295e-06 6.01568e-07 1.4852e-06 2.37752e-06 2.50486e-06 2.17903e-06 7.85746e-06 2.72149e-07 8.41847e-07 1.51752e-06 1.72292e-06 1.48912e-06 4.50969e-06 1.89025e-07 6.24e-07 1.01959e-06 1.13798e-06 1.03283e-06 2.87746e-06 2.0186e-07 5.75496e-07 1.05202e-06 1.2273e-06 1.09498e-06 3.07507e-06 1.12994e-07 3.48886e-07 5.82197e-07 7.83002e-07 7.26072e-07 2.22089e-06 1.24886e-07 2.93523e-07 5.15013e-07 6.40824e-07 6.64908e-07 2.08618e-06 1.24053e-07 1.87959e-07 3.1727e-07 3.68971e-07 4.17066e-07 1.47644e-06 6.13575e-08 1.87465e-07 2.66577e-07 3.48315e-07 3.38456e-07 1.36151e-06 5.48501e-08 1.39747e-07 1.67786e-07 1.89136e-07 2.09634e-07 9.10541e-07 4.08737e-08 9.11339e-08 1.20364e-07 1.36297e-07 1.65894e-07 7.40878e-07 1.96131e-08 4.88474e-08 7.65154e-08 8.28862e-08 7.64494e-08 3.95923e-07 2.04259e-08 4.30806e-08 7.5533e-08 6.41174e-08 5.03402e-08 2.94106e-07 2.81042e-08 2.00877e-08 1.97179e-08 9.64211e-08  
   3.69528e-05 1.79943e-05 1.16533e-05 9.84188e-06 5.3453e-06 7.36677e-06 5.80205e-06 2.67361e-06 1.32329e-06 3.38796e-06 6.00663e-06 4.3757e-06 2.76589e-06 1.6023e-06 2.30579e-06 4.89977e-06 3.92641e-06 2.63791e-06 1.15902e-06 1.8468e-06 3.99873e-06 3.53109e-06 2.424e-06 1.93382e-06 2.7662e-06 5.28686e-06 4.87906e-06 3.34708e-06 1.75978e-06 3.0215e-06 4.78972e-06 5.75315e-06 4.04384e-06 2.84696e-06 2.11058e-06 4.89234e-06 6.6748e-06 5.33362e-06 3.687e-06 8.82477e-07 2.72396e-06 3.53065e-06 4.33957e-06 4.8846e-07 1.42195e-06 2.09981e-06 2.18824e-06 2.09747e-06 3.13644e-07 7.74351e-07 1.23958e-06 1.30598e-06 1.13609e-06 4.0967e-06 1.41892e-07 4.3892e-07 7.91201e-07 8.98289e-07 7.76391e-07 2.35125e-06 9.85532e-08 3.25339e-07 5.31591e-07 5.93315e-07 5.38495e-07 1.50024e-06 1.05245e-07 3.0005e-07 5.48499e-07 6.39887e-07 5.70895e-07 1.60327e-06 5.89123e-08 1.81901e-07 3.03544e-07 4.08239e-07 3.78557e-07 1.15792e-06 6.51126e-08 1.53036e-07 2.68516e-07 3.34111e-07 3.46668e-07 1.08769e-06 6.46786e-08 9.79973e-08 1.65417e-07 1.92373e-07 2.17449e-07 7.69783e-07 3.19904e-08 9.77398e-08 1.38987e-07 1.81604e-07 1.76463e-07 7.09859e-07 2.85976e-08 7.28611e-08 8.74798e-08 9.86113e-08 1.09298e-07 4.74735e-07 2.13106e-08 4.75151e-08 6.27549e-08 7.10622e-08 8.64932e-08 3.86277e-07 1.02258e-08 2.54679e-08 3.98934e-08 4.32149e-08 3.9859e-08 2.06425e-07 1.06496e-08 2.24612e-08 3.93812e-08 3.34293e-08 2.62462e-08 1.5334e-07 1.46529e-08 1.04732e-08 1.02805e-08 5.02717e-08  
   5.90856e-05 2.87719e-05 1.8633e-05 1.57366e-05 8.54686e-06 1.17791e-05 9.27717e-06 4.27496e-06 2.11588e-06 5.41717e-06 9.60429e-06 6.99651e-06 4.42251e-06 2.30579e-06 4.0965e-06 7.83448e-06 6.27812e-06 4.21787e-06 1.8532e-06 2.95293e-06 6.39375e-06 5.64603e-06 3.87585e-06 3.09208e-06 4.423e-06 8.45342e-06 7.80136e-06 5.35181e-06 2.8138e-06 4.83122e-06 7.65851e-06 9.19899e-06 6.46589e-06 4.55213e-06 3.3747e-06 7.8226e-06 1.06726e-05 8.52817e-06 5.89531e-06 1.41103e-06 4.35548e-06 5.64532e-06 6.93875e-06 7.81021e-07 2.27363e-06 3.35749e-06 3.49888e-06 3.35375e-06 5.015e-07 1.23815e-06 1.98203e-06 2.08819e-06 1.81655e-06 6.55041e-06 2.26878e-07 7.0181e-07 1.26509e-06 1.43632e-06 1.24141e-06 3.75953e-06 1.57581e-07 5.202e-07 8.49987e-07 9.4868e-07 8.61025e-07 2.3988e-06 1.68281e-07 4.79765e-07 8.77021e-07 1.02315e-06 9.12831e-07 2.56355e-06 9.41976e-08 2.9085e-07 4.85351e-07 6.52753e-07 6.05293e-07 1.85146e-06 1.04112e-07 2.44697e-07 4.29343e-07 5.34226e-07 5.54304e-07 1.73916e-06 1.03418e-07 1.56692e-07 2.64494e-07 3.07594e-07 3.47689e-07 1.23084e-06 5.11509e-08 1.56281e-07 2.22233e-07 2.90375e-07 2.82156e-07 1.13503e-06 4.57261e-08 1.16501e-07 1.39876e-07 1.57674e-07 1.74763e-07 7.59077e-07 3.40745e-08 7.59742e-08 1.00342e-07 1.13625e-07 1.38298e-07 6.17637e-07 1.63505e-08 4.07218e-08 6.37874e-08 6.90984e-08 6.37324e-08 3.30063e-07 1.70281e-08 3.59143e-08 6.29684e-08 5.34518e-08 4.19663e-08 2.45183e-07 2.34292e-08 1.67462e-08 1.6438e-08 8.03819e-08  
   0.000125556 6.11397e-05 3.95947e-05 3.34401e-05 1.81619e-05 2.50303e-05 1.97138e-05 9.08421e-06 4.4962e-06 1.15114e-05 2.04089e-05 1.48675e-05 9.39775e-06 4.89977e-06 7.83448e-06 1.84979e-05 1.33409e-05 8.9629e-06 3.93803e-06 6.27492e-06 1.35866e-05 1.19977e-05 8.23612e-06 6.57061e-06 9.3988e-06 1.79634e-05 1.65777e-05 1.13725e-05 5.97927e-06 1.02662e-05 1.62742e-05 1.95477e-05 1.37399e-05 9.6732e-06 7.17117e-06 1.66229e-05 2.26792e-05 1.81222e-05 1.25274e-05 2.99842e-06 9.2553e-06 1.19962e-05 1.47447e-05 1.65966e-06 4.83141e-06 7.13459e-06 7.43505e-06 7.12666e-06 1.06568e-06 2.63104e-06 4.21177e-06 4.43736e-06 3.86014e-06 1.39195e-05 4.82112e-07 1.49133e-06 2.68829e-06 3.05215e-06 2.63797e-06 7.98892e-06 3.34858e-07 1.10542e-06 1.80621e-06 2.01593e-06 1.82966e-06 5.09742e-06 3.57595e-07 1.01949e-06 1.86365e-06 2.17417e-06 1.93975e-06 5.44749e-06 2.00168e-07 6.18051e-07 1.03136e-06 1.38709e-06 1.28624e-06 3.93431e-06 2.21235e-07 5.19976e-07 9.12346e-07 1.13522e-06 1.17789e-06 3.69567e-06 2.19761e-07 3.32969e-07 5.62044e-07 6.53632e-07 7.38833e-07 2.61552e-06 1.08695e-07 3.32094e-07 4.72241e-07 6.17041e-07 5.99576e-07 2.41191e-06 9.71671e-08 2.47563e-07 2.97233e-07 3.35055e-07 3.71367e-07 1.61302e-06 7.24077e-08 1.61444e-07 2.13225e-07 2.41451e-07 2.93881e-07 1.31247e-06 3.47446e-08 8.65331e-08 1.35547e-07 1.46833e-07 1.3543e-07 7.01379e-07 3.61845e-08 7.63172e-08 1.33807e-07 1.13584e-07 8.91777e-08 5.2101e-07 4.97866e-08 3.55853e-08 3.49304e-08 1.7081e-07  
   0.000100613 4.8994e-05 3.1729e-05 2.6797e-05 1.4554e-05 2.00579e-05 1.57976e-05 7.27959e-06 3.60301e-06 9.22458e-06 1.63546e-05 1.1914e-05 7.53084e-06 3.92641e-06 6.27812e-06 1.33409e-05 1.18785e-05 7.18238e-06 3.15572e-06 5.02838e-06 1.08876e-05 9.6143e-06 6.59997e-06 5.26533e-06 7.53168e-06 1.43948e-05 1.32845e-05 9.11329e-06 4.79146e-06 8.22681e-06 1.30412e-05 1.56644e-05 1.10104e-05 7.75157e-06 5.74658e-06 1.33207e-05 1.81738e-05 1.45221e-05 1.00388e-05 2.40277e-06 7.41669e-06 9.61309e-06 1.18156e-05 1.32996e-06 3.87163e-06 5.71727e-06 5.95804e-06 5.71091e-06 8.53975e-07 2.10837e-06 3.37508e-06 3.55586e-06 3.09331e-06 1.11543e-05 3.86338e-07 1.19507e-06 2.15425e-06 2.44582e-06 2.11392e-06 6.40188e-06 2.68336e-07 8.85819e-07 1.44739e-06 1.61545e-06 1.46619e-06 4.08479e-06 2.86557e-07 8.16964e-07 1.49343e-06 1.74226e-06 1.55441e-06 4.36532e-06 1.60404e-07 4.95272e-07 8.26477e-07 1.11154e-06 1.03072e-06 3.15274e-06 1.77286e-07 4.1668e-07 7.31104e-07 9.09703e-07 9.43892e-07 2.96151e-06 1.76104e-07 2.66823e-07 4.50391e-07 5.23785e-07 5.9206e-07 2.09593e-06 8.7102e-08 2.66122e-07 3.78428e-07 4.94463e-07 4.80467e-07 1.93277e-06 7.78643e-08 1.98383e-07 2.38186e-07 2.68495e-07 2.97593e-07 1.29259e-06 5.80235e-08 1.29372e-07 1.70866e-07 1.93485e-07 2.355e-07 1.05174e-06 2.78424e-08 6.93429e-08 1.0862e-07 1.17664e-07 1.08526e-07 5.62046e-07 2.89963e-08 6.11564e-08 1.07225e-07 9.102e-08 7.14621e-08 4.17508e-07 3.98962e-08 2.85161e-08 2.79913e-08 1.36878e-07  
   6.75958e-05 3.2916e-05 2.13167e-05 1.80032e-05 9.77789e-06 1.34757e-05 1.06134e-05 4.8907e-06 2.42063e-06 6.19742e-06 1.09876e-05 8.00424e-06 5.0595e-06 2.63791e-06 4.21787e-06 8.9629e-06 7.18238e-06 5.36154e-06 2.12013e-06 3.37825e-06 7.31466e-06 6.45924e-06 4.4341e-06 3.53744e-06 5.06006e-06 9.67099e-06 8.92502e-06 6.12265e-06 3.21908e-06 5.52707e-06 8.76159e-06 1.05239e-05 7.39719e-06 5.20779e-06 3.86077e-06 8.94931e-06 1.22099e-05 9.75651e-06 6.74443e-06 1.61427e-06 4.98281e-06 6.45843e-06 7.93816e-06 8.93514e-07 2.6011e-06 3.84107e-06 4.00283e-06 3.8368e-06 5.73732e-07 1.41648e-06 2.2675e-06 2.38896e-06 2.0782e-06 7.49388e-06 2.59556e-07 8.02894e-07 1.4473e-06 1.64319e-06 1.42021e-06 4.30102e-06 1.80278e-07 5.95126e-07 9.72413e-07 1.08532e-06 9.85041e-07 2.74431e-06 1.92519e-07 5.48867e-07 1.00334e-06 1.17051e-06 1.04431e-06 2.93278e-06 1.07765e-07 3.32742e-07 5.55258e-07 7.46771e-07 6.92476e-07 2.11813e-06 1.19107e-07 2.79941e-07 4.91183e-07 6.11173e-07 6.34142e-07 1.98965e-06 1.18313e-07 1.79261e-07 3.0259e-07 3.51898e-07 3.97768e-07 1.40813e-06 5.85184e-08 1.7879e-07 2.54242e-07 3.32198e-07 3.22796e-07 1.29851e-06 5.23121e-08 1.33281e-07 1.60022e-07 1.80385e-07 1.99934e-07 8.68409e-07 3.89824e-08 8.6917e-08 1.14794e-07 1.29991e-07 1.58218e-07 7.06597e-07 1.87055e-08 4.65871e-08 7.29749e-08 7.90509e-08 7.2912e-08 3.77603e-07 1.94808e-08 4.10872e-08 7.2038e-08 6.11506e-08 4.80109e-08 2.80498e-07 2.68038e-08 1.91582e-08 1.88056e-08 9.19595e-08  
   2.96995e-05 1.44623e-05 9.36592e-06 7.91008e-06 4.29611e-06 5.92079e-06 4.6632e-06 2.14882e-06 1.06355e-06 2.72296e-06 4.82763e-06 3.51682e-06 2.22299e-06 1.15902e-06 1.8532e-06 3.93803e-06 3.15572e-06 2.12013e-06 1.03502e-06 1.4843e-06 3.21384e-06 2.83799e-06 1.94821e-06 1.55424e-06 2.22324e-06 4.24914e-06 3.92138e-06 2.6901e-06 1.41436e-06 2.42843e-06 3.84958e-06 4.6239e-06 3.2501e-06 2.28814e-06 1.6963e-06 3.93206e-06 5.36464e-06 4.28671e-06 2.9633e-06 7.09261e-07 2.18929e-06 2.83764e-06 3.48779e-06 3.92583e-07 1.14285e-06 1.68765e-06 1.75872e-06 1.68577e-06 2.5208e-07 6.22359e-07 9.96272e-07 1.04963e-06 9.13097e-07 3.29258e-06 1.14041e-07 3.52767e-07 6.35901e-07 7.2197e-07 6.23998e-07 1.88974e-06 7.92088e-08 2.6148e-07 4.27248e-07 4.76857e-07 4.32797e-07 1.20577e-06 8.45872e-08 2.41155e-07 4.40837e-07 5.14288e-07 4.58837e-07 1.28858e-06 4.73487e-08 1.46197e-07 2.43963e-07 3.28108e-07 3.04253e-07 9.3064e-07 5.2332e-08 1.22998e-07 2.15811e-07 2.68531e-07 2.78623e-07 8.74192e-07 5.19833e-08 7.8762e-08 1.32949e-07 1.54613e-07 1.74767e-07 6.18687e-07 2.57112e-08 7.8555e-08 1.11706e-07 1.45958e-07 1.41826e-07 5.70525e-07 2.29844e-08 5.85596e-08 7.03089e-08 7.92555e-08 8.7845e-08 3.81552e-07 1.71277e-08 3.81887e-08 5.04371e-08 5.71139e-08 6.9516e-08 3.10457e-07 8.21864e-09 2.0469e-08 3.2063e-08 3.47325e-08 3.20353e-08 1.65907e-07 8.55925e-09 1.80524e-08 3.16513e-08 2.68677e-08 2.10945e-08 1.23242e-07 1.17768e-08 8.41751e-09 8.26259e-09 4.04042e-08  
   4.73238e-05 2.30445e-05 1.49238e-05 1.26041e-05 6.8455e-06 9.4343e-06 7.43043e-06 3.42397e-06 1.69468e-06 4.33881e-06 7.69243e-06 5.60377e-06 3.54215e-06 1.8468e-06 2.95293e-06 6.27492e-06 5.02838e-06 3.37825e-06 1.4843e-06 2.6279e-06 5.12099e-06 4.52211e-06 3.10431e-06 2.47656e-06 3.54254e-06 6.77065e-06 6.2484e-06 4.28646e-06 2.25367e-06 3.8695e-06 6.13399e-06 7.36781e-06 5.17877e-06 3.64597e-06 2.70292e-06 6.26541e-06 8.54812e-06 6.83053e-06 4.72177e-06 1.13015e-06 3.48846e-06 4.52154e-06 5.5575e-06 6.25549e-07 1.82103e-06 2.68913e-06 2.80238e-06 2.68614e-06 4.0167e-07 9.91678e-07 1.58748e-06 1.67251e-06 1.45495e-06 5.24646e-06 1.81715e-07 5.62105e-07 1.01326e-06 1.1504e-06 9.94289e-07 3.01114e-06 1.26213e-07 4.16647e-07 6.80786e-07 7.59833e-07 6.89627e-07 1.92129e-06 1.34783e-07 3.84261e-07 7.02438e-07 8.19475e-07 7.3112e-07 2.05324e-06 7.54464e-08 2.32953e-07 3.88736e-07 5.22814e-07 4.84802e-07 1.4829e-06 8.33868e-08 1.95987e-07 3.43877e-07 4.27881e-07 4.43962e-07 1.39295e-06 8.28311e-08 1.25501e-07 2.11843e-07 2.46363e-07 2.78477e-07 9.85827e-07 4.09687e-08 1.25171e-07 1.77995e-07 2.32572e-07 2.25989e-07 9.09085e-07 3.66237e-08 9.331e-08 1.12032e-07 1.26287e-07 1.39974e-07 6.07973e-07 2.72915e-08 6.08505e-08 8.03675e-08 9.10063e-08 1.10768e-07 4.94688e-07 1.30957e-08 3.26156e-08 5.10897e-08 5.53435e-08 5.10456e-08 2.6436e-07 1.36385e-08 2.87651e-08 5.04337e-08 4.28115e-08 3.36124e-08 1.96376e-07 1.87653e-08 1.34126e-08 1.31658e-08 6.43808e-08  
   0.000102467 4.98964e-05 3.23134e-05 2.72906e-05 1.4822e-05 2.04274e-05 1.60885e-05 7.41367e-06 3.66937e-06 9.39449e-06 1.66558e-05 1.21334e-05 7.66955e-06 3.99873e-06 6.39375e-06 1.35866e-05 1.08876e-05 7.31466e-06 3.21384e-06 5.12099e-06 1.23201e-05 9.79138e-06 6.72153e-06 5.36231e-06 7.6704e-06 1.466e-05 1.35292e-05 9.28114e-06 4.87971e-06 8.37833e-06 1.32814e-05 1.59529e-05 1.12132e-05 7.89434e-06 5.85243e-06 1.3566e-05 1.85086e-05 1.47896e-05 1.02237e-05 2.44702e-06 7.5533e-06 9.79015e-06 1.20332e-05 1.35445e-06 3.94294e-06 5.82257e-06 6.06778e-06 5.8161e-06 8.69704e-07 2.1472e-06 3.43724e-06 3.62135e-06 3.15028e-06 1.13598e-05 3.93453e-07 1.21708e-06 2.19393e-06 2.49087e-06 2.15286e-06 6.5198e-06 2.73279e-07 9.02135e-07 1.47405e-06 1.64521e-06 1.4932e-06 4.16002e-06 2.91835e-07 8.32011e-07 1.52094e-06 1.77435e-06 1.58304e-06 4.44572e-06 1.63358e-07 5.04394e-07 8.417e-07 1.13201e-06 1.0497e-06 3.21081e-06 1.80551e-07 4.24355e-07 7.4457e-07 9.26459e-07 9.61277e-07 3.01606e-06 1.79348e-07 2.71737e-07 4.58687e-07 5.33432e-07 6.02965e-07 2.13454e-06 8.87063e-08 2.71023e-07 3.85398e-07 5.0357e-07 4.89316e-07 1.96837e-06 7.92985e-08 2.02037e-07 2.42573e-07 2.7344e-07 3.03074e-07 1.3164e-06 5.90923e-08 1.31755e-07 1.74014e-07 1.97049e-07 2.39838e-07 1.07111e-06 2.83552e-08 7.06201e-08 1.10621e-07 1.19831e-07 1.10525e-07 5.72398e-07 2.95303e-08 6.22828e-08 1.092e-07 9.26964e-08 7.27783e-08 4.25198e-07 4.06311e-08 2.90413e-08 2.85068e-08 1.39399e-07  
   9.04835e-05 4.40612e-05 2.85345e-05 2.40991e-05 1.30887e-05 1.80385e-05 1.4207e-05 6.54667e-06 3.24025e-06 8.29584e-06 1.4708e-05 1.07145e-05 6.77262e-06 3.53109e-06 5.64603e-06 1.19977e-05 9.6143e-06 6.45924e-06 2.83799e-06 4.52211e-06 9.79138e-06 9.60702e-06 5.93548e-06 4.73521e-06 6.77338e-06 1.29455e-05 1.1947e-05 8.19575e-06 4.30905e-06 7.39852e-06 1.17282e-05 1.40873e-05 9.90185e-06 6.97113e-06 5.16801e-06 1.19795e-05 1.63441e-05 1.306e-05 9.02807e-06 2.16086e-06 6.66997e-06 8.64523e-06 1.0626e-05 1.19606e-06 3.48183e-06 5.14165e-06 5.35817e-06 5.13593e-06 7.67996e-07 1.8961e-06 3.03527e-06 3.19785e-06 2.78187e-06 1.00313e-05 3.47441e-07 1.07475e-06 1.93735e-06 2.19957e-06 1.90109e-06 5.75733e-06 2.4132e-07 7.96634e-07 1.30167e-06 1.45281e-06 1.31857e-06 3.67353e-06 2.57706e-07 7.34711e-07 1.34307e-06 1.56684e-06 1.39791e-06 3.92581e-06 1.44254e-07 4.45408e-07 7.43266e-07 9.99625e-07 9.26946e-07 2.83532e-06 1.59436e-07 3.74728e-07 6.57496e-07 8.18113e-07 8.4886e-07 2.66334e-06 1.58374e-07 2.39959e-07 4.05045e-07 4.71049e-07 5.3245e-07 1.88491e-06 7.83325e-08 2.39328e-07 3.40327e-07 4.44679e-07 4.32093e-07 1.73818e-06 7.00249e-08 1.7841e-07 2.14205e-07 2.41462e-07 2.67631e-07 1.16245e-06 5.21817e-08 1.16347e-07 1.53663e-07 1.74005e-07 2.1179e-07 9.45848e-07 2.50392e-08 6.23614e-08 9.7684e-08 1.05817e-07 9.75997e-08 5.05459e-07 2.60769e-08 5.49991e-08 9.64298e-08 8.1856e-08 6.42672e-08 3.75473e-07 3.58794e-08 2.56451e-08 2.51731e-08 1.23097e-07  
